4.96314e-06 	28.4234 	-0.0167374 	0
1.48429e-05 	83.4646 	-0.0448287 	0
2.46948e-05 	136.754 	-0.0688222 	0
3.46404e-05 	189.116 	-0.0930928 	0
4.47862e-05 	240.984 	-0.117684 	0
5.52311e-05 	292.26 	-0.142731 	0
6.60699e-05 	342.349 	-0.168215 	0
7.73965e-05 	390.428 	-0.193839 	0
8.93058e-05 	435.813 	-0.219442 	0
0.000101896 	478.172 	-0.244901 	0
0.000115268 	517.53 	-0.269517 	0
0.00012953 	554.237 	-0.292657 	0
0.000144795 	588.64 	-0.31358 	0
0.000161185 	620.929 	-0.331547 	0
0.000178829 	651.27 	-0.34582 	0
0.000197868 	679.839 	-0.355593 	0
0.00021845 	706.804 	-0.360911 	0
0.000240738 	732.323 	-0.359945 	0
0.000264909 	756.541 	-0.351875 	0
0.000291153 	779.599 	-0.33742 	0
0.000319676 	801.65 	-0.315417 	0
0.000350703 	822.861 	-0.285714 	0
0.000384479 	843.358 	-0.248301 	0
0.000421271 	863.22 	-0.203202 	0
0.000461366 	882.514 	-0.150744 	0
0.000505082 	901.3 	-0.0914485 	0
0.000552762 	919.63 	-0.0260553 	0
0.000604783 	937.552 	0.0445287 	0
0.000661554 	955.109 	0.119262 	0
0.000723523 	972.338 	0.196922 	0
0.000791177 	989.275 	0.276076 	0
0.00086505 	1005.96 	0.355251 	0
0.000945722 	1022.4 	0.432928 	0
0.00103383 	1038.66 	0.507565 	0
0.00113007 	1054.75 	0.577685 	0
0.0012352 	1070.7 	0.641926 	0
0.00135004 	1086.53 	0.699312 	0
0.0014755 	1102.28 	0.749841 	0
0.00161258 	1117.97 	0.792408 	0
0.00176234 	1133.64 	0.827625 	0
0.00192597 	1149.3 	0.856318 	0
0.00210476 	1165.01 	0.880132 	0
0.00230012 	1180.79 	0.90194 	0
0.00251358 	1196.7 	0.926063 	0
0.00274683 	1212.75 	0.957244 	0
0.00300171 	1229.04 	1.00094 	0
0.00328023 	1245.59 	1.06457 	0
0.00358457 	1262.59 	1.15733 	0
0.00391714 	1280.21 	1.29091 	0
0.00428056 	1298.59 	1.4802 	0
0.00467769 	1317.88 	1.73967 	0
0.00511167 	1338.15 	2.08754 	0
0.00558591 	1359.27 	2.53503 	0
0.00610416 	1380.84 	3.09979 	0
0.0066705 	1402.22 	3.78458 	0
0.0072894 	1423.12 	4.61051 	0
0.00796574 	1443.64 	5.67906 	0
0.00855799 	1459.08 	6.83327 	0
0.00894392 	1467.57 	7.68633 	0
0.00951253 	1475.68 	8.99851 	0
0.0103952 	1481.39 	10.8463 	0
0.0113598 	1482.42 	12.0372 	0
0.0124139 	1482.46 	12.162 	0
0.013566 	1482.44 	12.2221 	0
0.0148251 	1482.43 	12.431 	0
0.0162011 	1482.45 	12.558 	0
0.017705 	1482.46 	12.7307 	0
0.0193486 	1482.47 	12.7488 	0
0.0202967 	1482.48 	12.7048 	0
0.0212348 	1482.48 	12.6298 	0
0.0231084 	1482.5 	12.5247 	0
0.0252543 	1482.48 	12.6658 	0
0.0276001 	1482.51 	13.0358 	0
0.0301448 	1482.55 	13.4315 	0
0.031484 	1482.55 	13.633 	0
0.0329673 	1482.53 	13.783 	0
0.0360314 	1482.52 	13.9207 	0
0.0393815 	1482.5 	13.7589 	0
0.041589 	1482.44 	13.6439 	0
0.0435022 	1482.4 	13.5305 	0
0.0470499 	1482.4 	13.2921 	0
0.0506434 	1482.34 	13.5194 	0
0.0529317 	1482.33 	13.7134 	0
0.0562215 	1482.34 	14.0513 	0
0.0602482 	1482.33 	14.7325 	0
0.0629866 	1482.34 	15.1248 	0
0.0671978 	1482.36 	15.5864 	0
0.07057 	1482.29 	15.4673 	0
0.0738498 	1482.27 	14.9229 	0
0.078218 	1482.49 	12.337 	0
0.0818093 	1482.76 	9.8783 	0
0.0859665 	1483.2 	6.63604 	0
0.0899001 	1483.53 	4.09318 	0
0.0938543 	1483.77 	1.94711 	0
0.098165 	1483.92 	0.563017 	0
0.101925 	1483.97 	0.279696 	0
0.106651 	1484 	0.0223975 	0
0.110224 	1484 	0.0134509 	0
0.113967 	1484 	0.00336157 	0
0.118805 	1484 	0.000156747 	0
0.122029 	1484 	9.1729e-05 	0
0.126872 	1484 	-1.36392e-07 	0
0.130784 	1484 	-7.92081e-08 	0
0.133691 	1484 	-5.15268e-08 	0
0.138506 	1484 	-3.9216e-08 	0
0.142708 	1484 	-2.58577e-08 	0
0.145325 	1484 	-1.84836e-08 	0
0.148982 	1484 	-9.36506e-09 	0
0.15382 	1484 	-3.76841e-09 	0
0.15705 	1484 	-2.71848e-09 	0
0.159283 	1484 	-2.00391e-09 	0
0.16276 	1484 	-9.23604e-10 	0
0.166887 	1484 	-8.00544e-11 	0
0.1708 	1484 	-5.007e-11 	0
0.172904 	1484 	-3.47571e-11 	0
0.174709 	1484 	-2.26946e-11 	0
0.178025 	1484 	-6.20939e-12 	0
0.181359 	1484 	2.56626e-12 	0
0.184518 	1484 	4.55002e-12 	0
0.187512 	1484 	6.10434e-12 	0
0.189414 	1484 	6.61487e-12 	0
0.190794 	1484 	6.68788e-12 	0
0.193039 	1484 	6.32366e-12 	0
0.195586 	1484 	5.05648e-12 	0
0.197999 	1484 	2.8065e-12 	0
0.200286 	1484 	1.50727e-12 	0
0.202452 	1484 	1.65842e-12 	0
0.204504 	1484 	1.93762e-12 	0
0.206447 	1484 	2.09771e-12 	0
0.207887 	1484 	2.17114e-12 	0
0.208782 	1484 	2.17307e-12 	0
0.21003 	1484 	2.12735e-12 	0
0.21168 	1484 	2.03861e-12 	0
0.213242 	1484 	1.8255e-12 	0
0.214721 	1484 	1.5804e-12 	0
0.216122 	1484 	1.22024e-12 	0
0.217447 	1484 	6.28885e-13 	0
0.218702 	1484 	3.74125e-13 	0
0.219889 	1484 	3.32582e-13 	0
0.221014 	1484 	2.77438e-13 	0
0.222078 	1484 	7.52473e-15 	0
0.223085 	1484 	-4.45902e-14 	0
0.224038 	1484 	-1.66326e-13 	0
0.22494 	1484 	-1.99355e-13 	0
0.225793 	1484 	-2.57366e-13 	0
0.2266 	1484 	-2.6995e-13 	0
0.227363 	1484 	-3.15451e-13 	0
0.228086 	1484 	-3.14641e-13 	0
0.228681 	1484 	-2.7789e-13 	0
0.229013 	1484 	-2.75381e-13 	0
0.229416 	1484 	-2.98746e-13 	0
0.230028 	1484 	-3.10195e-13 	0
0.230607 	1484 	-2.97274e-13 	0
0.231154 	1484 	-3.1241e-13 	0
0.231672 	1484 	-3.89261e-13 	0
0.232161 	1484 	-5.51194e-13 	0
0.232625 	1484 	-6.10236e-13 	0
0.233063 	1484 	-6.55483e-13 	0
0.233478 	1484 	-6.35125e-13 	0
0.23387 	1484 	-5.97545e-13 	0
0.234241 	1484 	-5.40435e-13 	0
0.234591 	1484 	-4.25534e-13 	0
0.234924 	1484 	-5.95906e-13 	0
0.235237 	1484 	-5.49451e-13 	0
0.235535 	1484 	-4.39123e-13 	0
0.235816 	1484 	-5.41757e-13 	0
0.236082 	1484 	-5.45656e-13 	0
0.236335 	1484 	-4.24446e-13 	0
0.236575 	1484 	-4.92721e-13 	0
0.236811 	1484 	-4.97902e-13 	0
0.237052 	1484 	-4.97982e-13 	0
0.237298 	1484 	-5.3641e-13 	0
0.237548 	1484 	-5.41559e-13 	0
0.237805 	1484 	-5.99028e-13 	0
0.238067 	1484 	-6.86924e-13 	0
0.238335 	1484 	-7.31615e-13 	0
0.23861 	1484 	-7.76578e-13 	0
0.238891 	1484 	-9.13381e-13 	0
0.239179 	1484 	-9.63313e-13 	0
0.239474 	1484 	-1.15431e-12 	0
0.239775 	1484 	-1.22063e-12 	0
0.240085 	1484 	-1.25684e-12 	0
0.240402 	1484 	-1.33468e-12 	0
0.240727 	1484 	-1.44559e-12 	0
0.241058 	1484 	-1.93976e-12 	0
0.241398 	1484 	-2.38673e-12 	0
0.241747 	1484 	-2.15073e-12 	0
0.242104 	1484 	-2.77759e-12 	0
0.242469 	1484 	-1.61279e-12 	0
0.242844 	1484 	-1.39557e-12 	0
0.243227 	1484 	-5.21535e-12 	0
0.24362 	1484 	-9.11553e-12 	0
0.244022 	1484 	-1.24524e-11 	0
0.244434 	1484 	-1.82343e-11 	0
0.244855 	1484 	-2.21306e-11 	0
0.245287 	1484 	-2.24323e-11 	0
0.245728 	1484 	-1.33311e-11 	0
0.246182 	1484 	2.16001e-11 	0
0.246646 	1484 	1.09427e-10 	0
0.24712 	1484 	2.95815e-10 	0
0.247605 	1484 	6.51955e-10 	0
0.248102 	1484 	1.27599e-09 	0
0.248612 	1484 	2.31709e-09 	0
0.249133 	1484 	3.97585e-09 	0
0.249667 	1484 	6.527e-09 	0
0.250213 	1484 	1.03219e-08 	0
0.250772 	1484 	1.58064e-08 	0
0.251345 	1484 	2.35261e-08 	0
0.251931 	1484 	3.41425e-08 	0
0.252531 	1484 	4.84106e-08 	0
0.253145 	1484 	6.7203e-08 	0
0.253587 	1484 	8.34898e-08 	0
0.253906 	1484 	9.70854e-08 	0
0.254418 	1484 	1.22082e-07 	0
0.255076 	1484 	1.60211e-07 	0
0.25575 	1484 	2.06933e-07 	0
0.25644 	1484 	2.63266e-07 	0
0.257146 	1484 	3.30189e-07 	0
0.257868 	1484 	4.08537e-07 	0
0.258608 	1484 	4.98796e-07 	0
0.259364 	1484 	6.0132e-07 	0
0.260139 	1484 	7.16091e-07 	0
0.260931 	1484 	8.42664e-07 	0
0.261741 	1484 	9.80162e-07 	0
0.262571 	1484 	1.12696e-06 	0
0.263419 	1484 	1.28109e-06 	0
0.264287 	1484 	1.44009e-06 	0
0.265176 	1484 	1.60052e-06 	0
0.266085 	1484 	1.75839e-06 	0
0.267014 	1484 	1.9086e-06 	0
0.267965 	1484 	2.05164e-06 	0
0.268938 	1484 	2.18768e-06 	0
0.269932 	1484 	2.3007e-06 	0
0.27095 	1484 	2.38366e-06 	0
0.271991 	1484 	2.42802e-06 	0
0.273056 	1484 	2.4322e-06 	0
0.274145 	1484 	2.39675e-06 	0
0.275258 	1484 	2.3242e-06 	0
0.276397 	1484 	2.18572e-06 	0
0.277562 	1484 	1.97469e-06 	0
0.278752 	1484 	1.68885e-06 	0
0.279969 	1484 	1.32378e-06 	0
0.281073 	1484 	9.29084e-07 	0
0.281704 	1484 	6.84075e-07 	0
0.282492 	1484 	3.39636e-07 	0
0.283802 	1484 	-2.86432e-07 	0
0.285142 	1484 	-1.00803e-06 	0
0.286512 	1484 	-1.82586e-06 	0
0.287913 	1484 	-2.73626e-06 	0
0.289346 	1484 	-3.73261e-06 	0
0.290812 	1484 	-4.80634e-06 	0
0.29231 	1484 	-5.94775e-06 	0
0.293842 	1484 	-7.14426e-06 	0
0.295409 	1484 	-8.38368e-06 	0
0.29701 	1484 	-9.60189e-06 	0
0.298648 	1484 	-1.06832e-05 	0
0.300322 	1484 	-1.17317e-05 	0
0.302032 	1484 	-1.27281e-05 	0
0.303782 	1484 	-1.36509e-05 	0
0.305569 	1484 	-1.44808e-05 	0
0.307397 	1484 	-1.51968e-05 	0
0.309265 	1484 	-1.57786e-05 	0
0.310844 	1484 	-1.61524e-05 	0
0.311808 	1484 	-1.63224e-05 	0
0.313121 	1484 	-1.64798e-05 	0
0.315112 	1484 	-1.65662e-05 	0
0.317146 	1484 	-1.64532e-05 	0
0.319224 	1484 	-1.61272e-05 	0
0.321348 	1484 	-1.55833e-05 	0
0.323518 	1484 	-1.48104e-05 	0
0.325733 	1484 	-1.38032e-05 	0
0.327996 	1484 	-1.27722e-05 	0
0.330308 	1484 	-1.25926e-05 	0
0.332669 	1484 	-1.23009e-05 	0
0.33508 	1484 	-1.18953e-05 	0
0.337542 	1484 	-1.13816e-05 	0
0.340057 	1484 	-1.07576e-05 	0
0.342457 	1484 	-1.00795e-05 	0
0.343757 	1484 	-9.68321e-06 	0
0.345282 	1484 	-9.19016e-06 	0
0.348019 	1484 	-8.24601e-06 	0
0.350819 	1484 	-7.20209e-06 	0
0.35368 	1484 	-6.0636e-06 	0
0.356603 	1484 	-4.83122e-06 	0
0.359592 	1484 	-3.50912e-06 	0
0.362645 	1484 	-2.65616e-06 	0
0.365765 	1484 	-2.13554e-06 	0
0.368952 	1484 	-1.58942e-06 	0
0.372208 	1484 	-1.01797e-06 	0
0.375533 	1484 	-4.22483e-07 	0
0.377533 	1484 	-5.88959e-08 	0
