4.96314e-06 	28.5631 	-0.0118176 	0
1.48429e-05 	83.8682 	-0.031594 	0
2.46948e-05 	137.405 	-0.048325 	0
3.46404e-05 	190.002 	-0.0652063 	0
4.47862e-05 	242.093 	-0.0822013 	0
5.52311e-05 	293.573 	-0.0993942 	0
6.60699e-05 	343.84 	-0.116725 	0
7.73965e-05 	392.065 	-0.133919 	0
8.93058e-05 	437.559 	-0.150763 	0
0.000101896 	479.993 	-0.167054 	0
0.000115268 	519.395 	-0.182182 	0
0.00012953 	556.117 	-0.195591 	0
0.000144795 	590.511 	-0.206653 	0
0.000161185 	622.768 	-0.21484 	0
0.000178829 	653.057 	-0.219606 	0
0.000197868 	681.557 	-0.220491 	0
0.00021845 	708.437 	-0.21631 	0
0.000240738 	733.858 	-0.206836 	0
0.000264909 	757.967 	-0.192101 	0
0.000291153 	780.909 	-0.171403 	0
0.000319676 	802.846 	-0.144822 	0
0.000350703 	823.945 	-0.112425 	0
0.000384479 	844.327 	-0.0745357 	0
0.000421271 	864.074 	-0.0316439 	0
0.000461366 	883.252 	0.0154952 	0
0.000505082 	901.922 	0.0660471 	0
0.000552762 	920.137 	0.11897 	0
0.000604783 	937.945 	0.173001 	0
0.000661554 	955.389 	0.226809 	0
0.000723523 	972.509 	0.27898 	0
0.000791177 	989.34 	0.328082 	0
0.00086505 	1005.92 	0.372672 	0
0.000945722 	1022.27 	0.411769 	0
0.00103383 	1038.43 	0.444382 	0
0.00113007 	1054.42 	0.469518 	0
0.0012352 	1070.28 	0.486906 	0
0.00135004 	1086.04 	0.496509 	0
0.0014755 	1101.7 	0.499229 	0
0.00161258 	1117.32 	0.496488 	0
0.00176234 	1132.92 	0.489934 	0
0.00192597 	1148.52 	0.482554 	0
0.00210476 	1164.17 	0.477232 	0
0.00230012 	1179.89 	0.478423 	0
0.00251358 	1195.75 	0.491678 	0
0.00274683 	1211.75 	0.522253 	0
0.00300171 	1227.98 	0.578066 	0
0.00328023 	1244.5 	0.666029 	0
0.00358457 	1261.47 	0.793983 	0
0.00391714 	1279.04 	0.971236 	0
0.00428056 	1297.39 	1.20735 	0
0.00467769 	1316.64 	1.51367 	0
0.00511167 	1336.89 	1.90466 	0
0.00558591 	1358.05 	2.39278 	0
0.00610416 	1379.69 	2.99047 	0
0.0066705 	1401.15 	3.69601 	0
0.0072894 	1422.09 	4.53003 	0
0.00796574 	1442.6 	5.59293 	0
0.00855799 	1458.11 	6.73191 	0
0.00894392 	1466.73 	7.56951 	0
0.00951253 	1475.11 	8.88013 	0
0.0103952 	1481.2 	10.7694 	0
0.0113598 	1482.35 	11.9976 	0
0.0124139 	1482.42 	12.1503 	0
0.013566 	1482.43 	12.1873 	0
0.0148251 	1482.44 	12.3175 	0
0.0162011 	1482.49 	12.4874 	0
0.017705 	1482.48 	12.8406 	0
0.0193486 	1482.52 	13.0468 	0
0.0202967 	1482.52 	13.1522 	0
0.0212348 	1482.52 	13.2141 	0
0.0231084 	1482.55 	13.2252 	0
0.0252543 	1482.54 	13.0547 	0
0.0276001 	1482.55 	13.1511 	0
0.0301448 	1482.57 	13.4002 	0
0.031484 	1482.56 	13.5618 	0
0.0329673 	1482.54 	13.7084 	0
0.0360314 	1482.52 	13.8736 	0
0.0393815 	1482.47 	13.7601 	0
0.041589 	1482.41 	13.649 	0
0.0435022 	1482.37 	13.5457 	0
0.0470499 	1482.37 	13.3648 	0
0.0506434 	1482.31 	13.6176 	0
0.0529317 	1482.31 	13.8286 	0
0.0562215 	1482.36 	14.1847 	0
0.0602482 	1482.33 	14.818 	0
0.0629866 	1482.34 	15.1777 	0
0.0671978 	1482.37 	15.5923 	0
0.07057 	1482.25 	15.4418 	0
0.0738498 	1482.19 	14.8979 	0
0.078218 	1482.49 	12.5147 	0
0.0818093 	1482.81 	10.1193 	0
0.0859665 	1483.22 	6.65402 	0
0.0899001 	1483.52 	3.99659 	0
0.0938543 	1483.77 	1.90164 	0
0.098165 	1483.93 	0.555127 	0
0.101925 	1483.97 	0.275448 	0
0.106651 	1484 	0.0217851 	0
0.110224 	1484 	0.0130427 	0
0.113967 	1484 	0.00327287 	0
0.118805 	1484 	0.000177295 	0
0.122029 	1484 	0.000103432 	0
0.126872 	1484 	-1.25782e-07 	0
0.130784 	1484 	1.62211e-08 	0
0.133691 	1484 	3.8434e-08 	0
0.138506 	1484 	-8.78289e-08 	0
0.142708 	1484 	-6.18549e-08 	0
0.145325 	1484 	-4.5882e-08 	0
0.148982 	1484 	-2.39373e-08 	0
0.15382 	1484 	-9.92367e-09 	0
0.15705 	1484 	-7.54863e-09 	0
0.159283 	1484 	-5.7494e-09 	0
0.16276 	1484 	-2.64884e-09 	0
0.166887 	1484 	3.28932e-11 	0
0.1708 	1484 	-9.56975e-12 	0
0.172904 	1484 	-2.23634e-11 	0
0.174709 	1484 	-2.71971e-11 	0
0.178025 	1484 	-9.99598e-12 	0
0.181359 	1484 	4.77753e-11 	0
0.184518 	1484 	4.3568e-11 	0
0.187512 	1484 	3.59117e-11 	0
0.189414 	1484 	3.08587e-11 	0
0.190794 	1484 	2.71418e-11 	0
0.193039 	1484 	2.11935e-11 	0
0.195586 	1484 	1.45768e-11 	0
0.197999 	1484 	8.63839e-12 	0
0.200286 	1484 	5.72842e-12 	0
0.202452 	1484 	5.10787e-12 	0
0.204504 	1484 	4.42833e-12 	0
0.206447 	1484 	3.70114e-12 	0
0.207887 	1484 	3.11953e-12 	0
0.208782 	1484 	2.76012e-12 	0
0.21003 	1484 	2.24644e-12 	0
0.21168 	1484 	1.51795e-12 	0
0.213242 	1484 	8.40597e-13 	0
0.214721 	1484 	3.45993e-13 	0
0.216122 	1484 	1.21742e-14 	0
0.217447 	1484 	-2.02143e-13 	0
0.218702 	1484 	-2.64034e-13 	0
0.219889 	1484 	-1.86855e-13 	0
0.221014 	1484 	-1.65389e-13 	0
0.222078 	1484 	-2.59133e-13 	0
0.223085 	1484 	-3.45848e-15 	0
0.224038 	1484 	9.36862e-14 	0
0.22494 	1484 	5.50257e-14 	0
0.225793 	1484 	-1.32546e-13 	0
0.2266 	1484 	-1.06034e-13 	0
0.227363 	1484 	-1.11838e-13 	0
0.228086 	1484 	-1.43954e-13 	0
0.228681 	1484 	-1.39575e-13 	0
0.229013 	1484 	-1.3284e-13 	0
0.229416 	1484 	-1.12769e-13 	0
0.230028 	1484 	-5.7277e-14 	0
0.230607 	1484 	-7.42869e-14 	0
0.231154 	1484 	-1.45215e-13 	0
0.231672 	1484 	-1.94276e-13 	0
0.232161 	1484 	-2.45942e-13 	0
0.232625 	1484 	-2.46841e-13 	0
0.233063 	1484 	-2.90155e-13 	0
0.233478 	1484 	-2.71333e-13 	0
0.23387 	1484 	-2.27207e-13 	0
0.234241 	1484 	-1.71691e-13 	0
0.234591 	1484 	-1.08702e-13 	0
0.234924 	1484 	-1.86715e-13 	0
0.235237 	1484 	-2.46159e-13 	0
0.235535 	1484 	-1.84194e-13 	0
0.235816 	1484 	-1.70031e-13 	0
0.236082 	1484 	-1.88098e-13 	0
0.236335 	1484 	-1.99418e-13 	0
0.236575 	1484 	-2.24541e-13 	0
0.236811 	1484 	-2.62255e-13 	0
0.237052 	1484 	-1.57734e-13 	0
0.237298 	1484 	-1.50951e-13 	0
0.237548 	1484 	-3.2254e-13 	0
0.237805 	1484 	-3.40337e-13 	0
0.238067 	1484 	-3.86599e-13 	0
0.238335 	1484 	-5.16324e-13 	0
0.23861 	1484 	-6.21787e-13 	0
0.238891 	1484 	-6.9316e-13 	0
0.239179 	1484 	-8.81995e-13 	0
0.239474 	1484 	-9.15908e-13 	0
0.239775 	1484 	-8.86783e-13 	0
0.240085 	1484 	-9.0254e-13 	0
0.240402 	1484 	-1.02889e-12 	0
0.240727 	1484 	-1.43339e-12 	0
0.241058 	1484 	-2.07769e-12 	0
0.241398 	1484 	-2.1985e-12 	0
0.241747 	1484 	-1.98673e-12 	0
0.242104 	1484 	-1.97139e-12 	0
0.242469 	1484 	-6.60131e-13 	0
0.242844 	1484 	-2.6895e-12 	0
0.243227 	1484 	-6.36162e-12 	0
0.24362 	1484 	-9.58866e-12 	0
0.244022 	1484 	-1.50234e-11 	0
0.244434 	1484 	-2.00781e-11 	0
0.244855 	1484 	-2.14344e-11 	0
0.245287 	1484 	-2.16641e-11 	0
0.245728 	1484 	-1.42999e-11 	0
0.246182 	1484 	1.92084e-11 	0
0.246646 	1484 	1.06616e-10 	0
0.24712 	1484 	2.94559e-10 	0
0.247605 	1484 	6.4915e-10 	0
0.248102 	1484 	1.27293e-09 	0
0.248612 	1484 	2.31262e-09 	0
0.249133 	1484 	3.96855e-09 	0
0.249667 	1484 	6.51472e-09 	0
0.250213 	1484 	1.03039e-08 	0
0.250772 	1484 	1.57809e-08 	0
0.251345 	1484 	2.34908e-08 	0
0.251931 	1484 	3.40951e-08 	0
0.252531 	1484 	4.83478e-08 	0
0.253145 	1484 	6.71202e-08 	0
0.253587 	1484 	8.33909e-08 	0
0.253906 	1484 	9.69744e-08 	0
0.254418 	1484 	1.21951e-07 	0
0.255076 	1484 	1.60053e-07 	0
0.25575 	1484 	2.06744e-07 	0
0.25644 	1484 	2.63041e-07 	0
0.257146 	1484 	3.29926e-07 	0
0.257868 	1484 	4.08235e-07 	0
0.258608 	1484 	4.98452e-07 	0
0.259364 	1484 	6.00933e-07 	0
0.260139 	1484 	7.1566e-07 	0
0.260931 	1484 	8.4219e-07 	0
0.261741 	1484 	9.79651e-07 	0
0.262571 	1484 	1.12642e-06 	0
0.263419 	1484 	1.28052e-06 	0
0.264287 	1484 	1.43951e-06 	0
0.265176 	1484 	1.59992e-06 	0
0.266085 	1484 	1.7578e-06 	0
0.267014 	1484 	1.90803e-06 	0
0.267965 	1484 	2.05111e-06 	0
0.268938 	1484 	2.18722e-06 	0
0.269932 	1484 	2.3003e-06 	0
0.27095 	1484 	2.3834e-06 	0
0.271991 	1484 	2.42789e-06 	0
0.273056 	1484 	2.43219e-06 	0
0.274145 	1484 	2.39687e-06 	0
0.275258 	1484 	2.32446e-06 	0
0.276397 	1484 	2.18625e-06 	0
0.277562 	1484 	1.97549e-06 	0
0.278752 	1484 	1.68996e-06 	0
0.279969 	1484 	1.3252e-06 	0
0.281073 	1484 	9.30821e-07 	0
0.281704 	1484 	6.85993e-07 	0
0.282492 	1484 	3.41788e-07 	0
0.283802 	1484 	-2.83887e-07 	0
0.285142 	1484 	-1.00508e-06 	0
0.286512 	1484 	-1.82248e-06 	0
0.287913 	1484 	-2.73248e-06 	0
0.289346 	1484 	-3.72844e-06 	0
0.290812 	1484 	-4.80181e-06 	0
0.29231 	1484 	-5.94287e-06 	0
0.293842 	1484 	-7.13907e-06 	0
0.295409 	1484 	-8.37822e-06 	0
0.29701 	1484 	-9.59617e-06 	0
0.298648 	1484 	-1.06771e-05 	0
0.300322 	1484 	-1.17253e-05 	0
0.302032 	1484 	-1.27214e-05 	0
0.303782 	1484 	-1.36441e-05 	0
0.305569 	1484 	-1.44738e-05 	0
0.307397 	1484 	-1.51898e-05 	0
0.309265 	1484 	-1.57716e-05 	0
0.310844 	1484 	-1.61454e-05 	0
0.311808 	1484 	-1.63154e-05 	0
0.313121 	1484 	-1.64729e-05 	0
0.315112 	1484 	-1.65595e-05 	0
0.317146 	1484 	-1.64468e-05 	0
0.319224 	1484 	-1.61212e-05 	0
0.321348 	1484 	-1.55774e-05 	0
0.323518 	1484 	-1.48048e-05 	0
0.325733 	1484 	-1.37981e-05 	0
0.327996 	1484 	-1.27677e-05 	0
0.330308 	1484 	-1.25884e-05 	0
0.332669 	1484 	-1.22967e-05 	0
0.33508 	1484 	-1.18913e-05 	0
0.337542 	1484 	-1.13779e-05 	0
0.340057 	1484 	-1.07545e-05 	0
0.342457 	1484 	-1.00769e-05 	0
0.343757 	1484 	-9.68077e-06 	0
0.345282 	1484 	-9.18793e-06 	0
0.348019 	1484 	-8.244e-06 	0
0.350819 	1484 	-7.20013e-06 	0
0.35368 	1484 	-6.06194e-06 	0
0.356603 	1484 	-4.82967e-06 	0
0.359592 	1484 	-3.50769e-06 	0
0.362645 	1484 	-2.65531e-06 	0
0.365765 	1484 	-2.13496e-06 	0
0.368952 	1484 	-1.58904e-06 	0
0.372208 	1484 	-1.01773e-06 	0
0.375533 	1484 	-4.22387e-07 	0
0.377533 	1484 	-5.88832e-08 	0
