4.96314e-06 	28.5666 	-0.0137799 	0
1.48429e-05 	83.8799 	-0.0370459 	0
2.46948e-05 	137.427 	-0.0573942 	0
3.46404e-05 	190.027 	-0.0781311 	0
4.47862e-05 	242.092 	-0.0995028 	0
5.52311e-05 	293.468 	-0.121642 	0
6.60699e-05 	343.51 	-0.144499 	0
7.73965e-05 	391.371 	-0.167844 	0
8.93058e-05 	436.387 	-0.191621 	0
0.000101896 	478.283 	-0.215807 	0
0.000115268 	517.18 	-0.239995 	0
0.00012953 	553.465 	-0.263861 	0
0.000144795 	587.468 	-0.287001 	0
0.000161185 	619.384 	-0.309013 	0
0.000178829 	649.392 	-0.329472 	0
0.000197868 	677.671 	-0.347933 	0
0.00021845 	704.394 	-0.363955 	0
0.000240738 	729.721 	-0.377072 	0
0.000264909 	753.8 	-0.386994 	0
0.000291153 	776.764 	-0.393175 	0
0.000319676 	798.743 	-0.395552 	0
0.000350703 	819.875 	-0.39443 	0
0.000384479 	840.298 	-0.388318 	0
0.000421271 	860.118 	-0.376618 	0
0.000461366 	879.4 	-0.359796 	0
0.000505082 	898.2 	-0.337573 	0
0.000552762 	916.568 	-0.309925 	0
0.000604783 	934.548 	-0.276978 	0
0.000661554 	952.179 	-0.239002 	0
0.000723523 	969.5 	-0.196404 	0
0.000791177 	986.541 	-0.149675 	0
0.00086505 	1003.33 	-0.09938 	0
0.000945722 	1019.91 	-0.0461158 	0
0.00103383 	1036.29 	0.00951207 	0
0.00113007 	1052.51 	0.0669559 	0
0.0012352 	1068.59 	0.125784 	0
0.00135004 	1084.55 	0.185741 	0
0.0014755 	1100.42 	0.246811 	0
0.00161258 	1116.24 	0.309216 	0
0.00176234 	1132.03 	0.373553 	0
0.00192597 	1147.8 	0.440628 	0
0.00210476 	1163.62 	0.51285 	0
0.00230012 	1179.5 	0.589159 	0
0.00251358 	1195.48 	0.673514 	0
0.00274683 	1211.62 	0.768521 	0
0.00300171 	1227.98 	0.876991 	0
0.00328023 	1244.68 	1.00276 	0
0.00358457 	1261.84 	1.15098 	0
0.00391714 	1279.6 	1.32773 	0
0.00428056 	1298.09 	1.54184 	0
0.00467769 	1317.41 	1.80265 	0
0.00511167 	1337.68 	2.12724 	0
0.00558591 	1358.82 	2.52958 	0
0.00610416 	1380.4 	3.03909 	0
0.0066705 	1401.77 	3.65478 	0
0.0072894 	1422.6 	4.42502 	0
0.00796574 	1442.99 	5.45044 	0
0.00855799 	1458.39 	6.598 	0
0.00894392 	1466.93 	7.45494 	0
0.00951253 	1475.21 	8.80625 	0
0.0103952 	1481.2 	10.7778 	0
0.0113598 	1482.34 	12.1465 	0
0.0124139 	1482.39 	12.5387 	0
0.013566 	1482.39 	12.5883 	0
0.0148251 	1482.43 	12.6184 	0
0.0162011 	1482.48 	12.7548 	0
0.017705 	1482.53 	12.8713 	0
0.0193486 	1482.56 	13.0016 	0
0.0202967 	1482.58 	13.1402 	0
0.0212348 	1482.58 	13.2845 	0
0.0231084 	1482.57 	13.4697 	0
0.0252543 	1482.55 	13.5753 	0
0.0276001 	1482.51 	13.4681 	0
0.0301448 	1482.47 	13.0449 	0
0.031484 	1482.45 	12.9102 	0
0.0329673 	1482.43 	12.893 	0
0.0360314 	1482.42 	12.9742 	0
0.0393815 	1482.4 	13.2824 	0
0.041589 	1482.41 	13.5153 	0
0.0435022 	1482.41 	13.7006 	0
0.0470499 	1482.44 	14.0034 	0
0.0506434 	1482.43 	14.2687 	0
0.0529317 	1482.45 	14.4222 	0
0.0562215 	1482.46 	14.6074 	0
0.0602482 	1482.36 	14.7735 	0
0.0629866 	1482.33 	14.8361 	0
0.0671978 	1482.32 	14.8582 	0
0.07057 	1482.16 	14.5464 	0
0.0738498 	1482.12 	14.1771 	0
0.078218 	1482.53 	13.1737 	0
0.0818093 	1482.85 	11.131 	0
0.0859665 	1483.19 	6.7705 	0
0.0899001 	1483.48 	3.76413 	0
0.0938543 	1483.75 	1.84763 	0
0.098165 	1483.92 	0.590164 	0
0.101925 	1483.96 	0.292177 	0
0.106651 	1484 	0.0202273 	0
0.110224 	1484 	0.0122147 	0
0.113967 	1484 	0.00305985 	0
0.118805 	1484 	0.000131595 	0
0.122029 	1484 	7.69864e-05 	0
0.126872 	1484 	-9.14492e-09 	0
0.130784 	1484 	-3.27715e-08 	0
0.133691 	1484 	-5.07414e-08 	0
0.138506 	1484 	-9.45288e-08 	0
0.142708 	1484 	-6.60672e-08 	0
0.145325 	1484 	-5.0219e-08 	0
0.148982 	1484 	-3.0692e-08 	0
0.15382 	1484 	-1.59354e-08 	0
0.15705 	1484 	-1.07855e-08 	0
0.159283 	1484 	-7.76156e-09 	0
0.16276 	1484 	-3.94615e-09 	0
0.166887 	1484 	-1.42191e-09 	0
0.1708 	1484 	-9.42745e-10 	0
0.172904 	1484 	-7.1128e-10 	0
0.174709 	1484 	-5.32979e-10 	0
0.178025 	1484 	-2.62347e-10 	0
0.181359 	1484 	-6.35691e-11 	0
0.184518 	1484 	-4.46284e-11 	0
0.187512 	1484 	-3.08864e-11 	0
0.189414 	1484 	-2.29814e-11 	0
0.190794 	1484 	-1.79318e-11 	0
0.193039 	1484 	-1.11543e-11 	0
0.195586 	1484 	-5.36548e-12 	0
0.197999 	1484 	-1.57918e-12 	0
0.200286 	1484 	-2.79152e-13 	0
0.202452 	1484 	-2.73049e-13 	0
0.204504 	1484 	2.54743e-13 	0
0.206447 	1484 	3.28081e-13 	0
0.207887 	1484 	2.92895e-13 	0
0.208782 	1484 	2.55977e-13 	0
0.21003 	1484 	2.08739e-13 	0
0.21168 	1484 	1.27696e-13 	0
0.213242 	1484 	5.58439e-14 	0
0.214721 	1484 	-1.19803e-13 	0
0.216122 	1484 	-1.72282e-13 	0
0.217447 	1484 	-2.67422e-13 	0
0.218702 	1484 	-2.99764e-13 	0
0.219889 	1484 	-3.55632e-13 	0
0.221014 	1484 	-3.79063e-13 	0
0.222078 	1484 	-3.58902e-13 	0
0.223085 	1484 	-3.59034e-13 	0
0.224038 	1484 	-4.98155e-13 	0
0.22494 	1484 	-3.31153e-13 	0
0.225793 	1484 	-3.47865e-13 	0
0.2266 	1484 	-3.8759e-13 	0
0.227363 	1484 	-3.98706e-13 	0
0.228086 	1484 	-3.66914e-13 	0
0.228681 	1484 	-3.90187e-13 	0
0.229013 	1484 	-4.21061e-13 	0
0.229416 	1484 	-4.2322e-13 	0
0.230028 	1484 	-4.07254e-13 	0
0.230607 	1484 	-4.10817e-13 	0
0.231154 	1484 	-3.7367e-13 	0
0.231672 	1484 	-2.91992e-13 	0
0.232161 	1484 	-1.96788e-13 	0
0.232625 	1484 	-1.97645e-13 	0
0.233063 	1484 	-2.26484e-13 	0
0.233478 	1484 	-1.56649e-13 	0
0.23387 	1484 	-1.52552e-13 	0
0.234241 	1484 	-2.33584e-13 	0
0.234591 	1484 	-2.93268e-13 	0
0.234924 	1484 	-3.0977e-13 	0
0.235237 	1484 	-3.61362e-13 	0
0.235535 	1484 	-3.78079e-13 	0
0.235816 	1484 	-4.87769e-13 	0
0.236082 	1484 	-5.68935e-13 	0
0.236335 	1484 	-5.77639e-13 	0
0.236575 	1484 	-6.91355e-13 	0
0.236811 	1484 	-6.50265e-13 	0
0.237052 	1484 	-6.08051e-13 	0
0.237298 	1484 	-5.24393e-13 	0
0.237548 	1484 	-5.96536e-13 	0
0.237805 	1484 	-5.85383e-13 	0
0.238067 	1484 	-4.65581e-13 	0
0.238335 	1484 	-4.87238e-13 	0
0.23861 	1484 	-4.71424e-13 	0
0.238891 	1484 	-4.53665e-13 	0
0.239179 	1484 	-4.12095e-13 	0
0.239474 	1484 	-3.75028e-13 	0
0.239775 	1484 	-3.67151e-13 	0
0.240085 	1484 	-3.55643e-13 	0
0.240402 	1484 	-3.51108e-13 	0
0.240727 	1484 	-4.11384e-13 	0
0.241058 	1484 	-3.33261e-13 	0
0.241398 	1484 	-8.69632e-13 	0
0.241747 	1484 	-9.67657e-13 	0
0.242104 	1484 	-1.11565e-12 	0
0.242469 	1484 	-4.59289e-13 	0
0.242844 	1484 	-1.13978e-12 	0
0.243227 	1484 	-4.08394e-12 	0
0.24362 	1484 	-7.25199e-12 	0
0.244022 	1484 	-9.88136e-12 	0
0.244434 	1484 	-1.49491e-11 	0
0.244855 	1484 	-1.80572e-11 	0
0.245287 	1484 	-1.91129e-11 	0
0.245728 	1484 	-1.2353e-11 	0
0.246182 	1484 	2.86626e-11 	0
0.246646 	1484 	1.22605e-10 	0
0.24712 	1484 	3.17304e-10 	0
0.247605 	1484 	6.8576e-10 	0
0.248102 	1484 	1.3293e-09 	0
0.248612 	1484 	2.40129e-09 	0
0.249133 	1484 	4.10832e-09 	0
0.249667 	1484 	6.7242e-09 	0
0.250213 	1484 	1.06078e-08 	0
0.250772 	1484 	1.62118e-08 	0
0.251345 	1484 	2.40858e-08 	0
0.251931 	1484 	3.49003e-08 	0
0.252531 	1484 	4.94193e-08 	0
0.253145 	1484 	6.85211e-08 	0
0.253587 	1484 	8.5062e-08 	0
0.253906 	1484 	9.88602e-08 	0
0.254418 	1484 	1.24214e-07 	0
0.255076 	1484 	1.62859e-07 	0
0.25575 	1484 	2.10174e-07 	0
0.25644 	1484 	2.67171e-07 	0
0.257146 	1484 	3.34831e-07 	0
0.257868 	1484 	4.13983e-07 	0
0.258608 	1484 	5.05095e-07 	0
0.259364 	1484 	6.08507e-07 	0
0.260139 	1484 	7.24181e-07 	0
0.260931 	1484 	8.51651e-07 	0
0.261741 	1484 	9.90014e-07 	0
0.262571 	1484 	1.13761e-06 	0
0.263419 	1484 	1.29244e-06 	0
0.264287 	1484 	1.45201e-06 	0
0.265176 	1484 	1.61287e-06 	0
0.266085 	1484 	1.77093e-06 	0
0.267014 	1484 	1.92108e-06 	0
0.267965 	1484 	2.06378e-06 	0
0.268938 	1484 	2.19903e-06 	0
0.269932 	1484 	2.31134e-06 	0
0.27095 	1484 	2.39268e-06 	0
0.271991 	1484 	2.43521e-06 	0
0.273056 	1484 	2.43766e-06 	0
0.274145 	1484 	2.40006e-06 	0
0.275258 	1484 	2.32536e-06 	0
0.276397 	1484 	2.18322e-06 	0
0.277562 	1484 	1.96832e-06 	0
0.278752 	1484 	1.67837e-06 	0
0.279969 	1484 	1.30886e-06 	0
0.281073 	1484 	9.09928e-07 	0
0.281704 	1484 	6.62455e-07 	0
0.282492 	1484 	3.14835e-07 	0
0.283802 	1484 	-3.16623e-07 	0
0.285142 	1484 	-1.04383e-06 	0
0.286512 	1484 	-1.86736e-06 	0
0.287913 	1484 	-2.78334e-06 	0
0.289346 	1484 	-3.78513e-06 	0
0.290812 	1484 	-4.86407e-06 	0
0.29231 	1484 	-6.01037e-06 	0
0.293842 	1484 	-7.21138e-06 	0
0.295409 	1484 	-8.45485e-06 	0
0.29701 	1484 	-9.67642e-06 	0
0.298648 	1484 	-1.07599e-05 	0
0.300322 	1484 	-1.181e-05 	0
0.302032 	1484 	-1.28073e-05 	0
0.303782 	1484 	-1.37301e-05 	0
0.305569 	1484 	-1.45592e-05 	0
0.307397 	1484 	-1.52738e-05 	0
0.309265 	1484 	-1.58533e-05 	0
0.310844 	1484 	-1.62247e-05 	0
0.311808 	1484 	-1.6393e-05 	0
0.313121 	1484 	-1.6548e-05 	0
0.315112 	1484 	-1.66303e-05 	0
0.317146 	1484 	-1.65125e-05 	0
0.319224 	1484 	-1.61814e-05 	0
0.321348 	1484 	-1.56322e-05 	0
0.323518 	1484 	-1.48538e-05 	0
0.325733 	1484 	-1.38408e-05 	0
0.327996 	1484 	-1.28045e-05 	0
0.330308 	1484 	-1.26222e-05 	0
0.332669 	1484 	-1.23279e-05 	0
0.33508 	1484 	-1.19195e-05 	0
0.337542 	1484 	-1.14028e-05 	0
0.340057 	1484 	-1.0776e-05 	0
0.342457 	1484 	-1.00954e-05 	0
0.343757 	1484 	-9.69787e-06 	0
0.345282 	1484 	-9.20357e-06 	0
0.348019 	1484 	-8.25735e-06 	0
0.350819 	1484 	-7.2114e-06 	0
0.35368 	1484 	-6.07203e-06 	0
0.356603 	1484 	-4.83708e-06 	0
0.359592 	1484 	-3.51175e-06 	0
0.362645 	1484 	-2.65985e-06 	0
0.365765 	1484 	-2.13831e-06 	0
0.368952 	1484 	-1.59106e-06 	0
0.372208 	1484 	-1.01882e-06 	0
0.375533 	1484 	-4.2286e-07 	0
0.377533 	1484 	-5.89528e-08 	0
