4.96314e-06 	28.408 	-0.00961656 	0
1.48429e-05 	83.4273 	-0.02578 	0
2.46948e-05 	136.7 	-0.0396509 	0
3.46404e-05 	189.04 	-0.0539227 	0
4.47862e-05 	240.86 	-0.0686554 	0
5.52311e-05 	292.025 	-0.0840801 	0
6.60699e-05 	341.905 	-0.100228 	0
7.73965e-05 	389.666 	-0.117021 	0
8.93058e-05 	434.639 	-0.13452 	0
0.000101896 	476.539 	-0.15283 	0
0.000115268 	515.46 	-0.171831 	0
0.00012953 	551.776 	-0.191435 	0
0.000144795 	585.824 	-0.211507 	0
0.000161185 	617.798 	-0.231906 	0
0.000178829 	647.871 	-0.252479 	0
0.000197868 	676.219 	-0.273031 	0
0.00021845 	703.013 	-0.293348 	0
0.000240738 	728.408 	-0.313199 	0
0.000264909 	752.548 	-0.332305 	0
0.000291153 	775.569 	-0.350348 	0
0.000319676 	797.61 	-0.366954 	0
0.000350703 	818.826 	-0.381587 	0
0.000384479 	839.35 	-0.393538 	0
0.000421271 	859.268 	-0.402113 	0
0.000461366 	878.646 	-0.406723 	0
0.000505082 	897.538 	-0.407202 	0
0.000552762 	915.996 	-0.402595 	0
0.000604783 	934.063 	-0.391872 	0
0.000661554 	951.779 	-0.374938 	0
0.000723523 	969.183 	-0.350401 	0
0.000791177 	986.304 	-0.318049 	0
0.00086505 	1003.18 	-0.27763 	0
0.000945722 	1019.83 	-0.228995 	0
0.00103383 	1036.28 	-0.172334 	0
0.00113007 	1052.58 	-0.108148 	0
0.0012352 	1068.73 	-0.037094 	0
0.00135004 	1084.77 	0.0400057 	0
0.0014755 	1100.72 	0.122242 	0
0.00161258 	1116.61 	0.208733 	0
0.00176234 	1132.46 	0.298813 	0
0.00192597 	1148.32 	0.392099 	0
0.00210476 	1164.2 	0.488614 	0
0.00230012 	1180.16 	0.589024 	0
0.00251358 	1196.22 	0.694698 	0
0.00274683 	1212.43 	0.809331 	0
0.00300171 	1228.9 	0.931463 	0
0.00328023 	1245.71 	1.06929 	0
0.00358457 	1263 	1.22747 	0
0.00391714 	1280.84 	1.41123 	0
0.00428056 	1299.38 	1.62947 	0
0.00467769 	1318.73 	1.89245 	0
0.00511167 	1338.98 	2.21676 	0
0.00558591 	1360.04 	2.61812 	0
0.00610416 	1381.48 	3.1227 	0
0.0066705 	1402.65 	3.73444 	0
0.0072894 	1423.32 	4.4942 	0
0.00796574 	1443.6 	5.51532 	0
0.00855799 	1458.89 	6.66199 	0
0.00894392 	1467.33 	7.52541 	0
0.00951253 	1475.45 	8.87645 	0
0.0103952 	1481.28 	10.8021 	0
0.0113598 	1482.37 	12.0862 	0
0.0124139 	1482.42 	12.4258 	0
0.013566 	1482.41 	12.454 	0
0.0148251 	1482.43 	12.5407 	0
0.0162011 	1482.48 	12.6604 	0
0.017705 	1482.52 	12.87 	0
0.0193486 	1482.56 	13.024 	0
0.0202967 	1482.58 	13.1715 	0
0.0212348 	1482.58 	13.3171 	0
0.0231084 	1482.56 	13.4825 	0
0.0252543 	1482.56 	13.5052 	0
0.0276001 	1482.51 	13.3405 	0
0.0301448 	1482.45 	12.9177 	0
0.031484 	1482.43 	12.7748 	0
0.0329673 	1482.42 	12.7287 	0
0.0360314 	1482.41 	12.7438 	0
0.0393815 	1482.42 	13.1346 	0
0.041589 	1482.44 	13.5034 	0
0.0435022 	1482.46 	13.798 	0
0.0470499 	1482.47 	14.2254 	0
0.0506434 	1482.44 	14.4937 	0
0.0529317 	1482.43 	14.5683 	0
0.0562215 	1482.4 	14.5724 	0
0.0602482 	1482.34 	14.5116 	0
0.0629866 	1482.26 	14.5788 	0
0.0671978 	1482.14 	14.8045 	0
0.07057 	1482.23 	14.4914 	0
0.0738498 	1482.34 	14.0965 	0
0.078218 	1482.56 	13.0524 	0
0.0818093 	1482.8 	11.0001 	0
0.0859665 	1483.2 	6.70669 	0
0.0899001 	1483.5 	3.74575 	0
0.0938543 	1483.76 	1.84425 	0
0.098165 	1483.92 	0.593317 	0
0.101925 	1483.96 	0.293549 	0
0.106651 	1484 	0.0214335 	0
0.110224 	1484 	0.0128945 	0
0.113967 	1484 	0.003233 	0
0.118805 	1484 	0.000154165 	0
0.122029 	1484 	8.98818e-05 	0
0.126872 	1484 	2.74667e-07 	0
0.130784 	1484 	1.93486e-07 	0
0.133691 	1484 	1.20747e-07 	0
0.138506 	1484 	-6.88724e-09 	0
0.142708 	1484 	-5.25529e-09 	0
0.145325 	1484 	-4.22939e-09 	0
0.148982 	1484 	-2.77657e-09 	0
0.15382 	1484 	-1.62567e-09 	0
0.15705 	1484 	-1.22823e-09 	0
0.159283 	1484 	-9.35918e-10 	0
0.16276 	1484 	-4.49637e-10 	0
0.166887 	1484 	-3.90264e-11 	0
0.1708 	1484 	-3.41167e-11 	0
0.172904 	1484 	-2.97492e-11 	0
0.174709 	1484 	-2.50954e-11 	0
0.178025 	1484 	-1.40498e-11 	0
0.181359 	1484 	2.63731e-13 	0
0.184518 	1484 	5.93682e-13 	0
0.187512 	1484 	6.01068e-16 	0
0.189414 	1484 	6.79508e-14 	0
0.190794 	1484 	7.10126e-14 	0
0.193039 	1484 	7.43552e-14 	0
0.195586 	1484 	-1.69914e-13 	0
0.197999 	1484 	-1.14975e-13 	0
0.200286 	1484 	-1.09001e-13 	0
0.202452 	1484 	-8.85578e-14 	0
0.204504 	1484 	-1.47054e-13 	0
0.206447 	1484 	-1.88935e-13 	0
0.207887 	1484 	-2.80238e-13 	0
0.208782 	1484 	-3.57276e-13 	0
0.21003 	1484 	-4.56152e-13 	0
0.21168 	1484 	-5.56199e-13 	0
0.213242 	1484 	-5.7893e-13 	0
0.214721 	1484 	-5.17758e-13 	0
0.216122 	1484 	-6.22428e-13 	0
0.217447 	1484 	-5.69242e-13 	0
0.218702 	1484 	-5.37759e-13 	0
0.219889 	1484 	-4.96006e-13 	0
0.221014 	1484 	-5.28849e-13 	0
0.222078 	1484 	-5.16486e-13 	0
0.223085 	1484 	-4.37882e-13 	0
0.224038 	1484 	-5.37436e-13 	0
0.22494 	1484 	-5.78169e-13 	0
0.225793 	1484 	-6.02352e-13 	0
0.2266 	1484 	-5.71804e-13 	0
0.227363 	1484 	-6.01624e-13 	0
0.228086 	1484 	-5.80933e-13 	0
0.228681 	1484 	-5.08937e-13 	0
0.229013 	1484 	-4.73691e-13 	0
0.229416 	1484 	-4.49889e-13 	0
0.230028 	1484 	-4.42369e-13 	0
0.230607 	1484 	-4.12781e-13 	0
0.231154 	1484 	-3.12803e-13 	0
0.231672 	1484 	-2.04125e-13 	0
0.232161 	1484 	-1.50156e-13 	0
0.232625 	1484 	-1.93297e-13 	0
0.233063 	1484 	-2.62847e-13 	0
0.233478 	1484 	-2.16278e-13 	0
0.23387 	1484 	-2.65212e-13 	0
0.234241 	1484 	-2.91389e-13 	0
0.234591 	1484 	-2.72119e-13 	0
0.234924 	1484 	-2.70536e-13 	0
0.235237 	1484 	-4.4886e-13 	0
0.235535 	1484 	-3.63711e-13 	0
0.235816 	1484 	-3.48828e-13 	0
0.236082 	1484 	-4.75207e-13 	0
0.236335 	1484 	-4.1922e-13 	0
0.236575 	1484 	-4.57028e-13 	0
0.236811 	1484 	-4.95683e-13 	0
0.237052 	1484 	-5.493e-13 	0
0.237298 	1484 	-5.25912e-13 	0
0.237548 	1484 	-4.63055e-13 	0
0.237805 	1484 	-4.26878e-13 	0
0.238067 	1484 	-4.51792e-13 	0
0.238335 	1484 	-4.77888e-13 	0
0.23861 	1484 	-5.48256e-13 	0
0.238891 	1484 	-5.9999e-13 	0
0.239179 	1484 	-7.58813e-13 	0
0.239474 	1484 	-8.18303e-13 	0
0.239775 	1484 	-8.07177e-13 	0
0.240085 	1484 	-7.88259e-13 	0
0.240402 	1484 	-8.83386e-13 	0
0.240727 	1484 	-1.17649e-12 	0
0.241058 	1484 	-1.17182e-12 	0
0.241398 	1484 	-1.64948e-12 	0
0.241747 	1484 	-1.68159e-12 	0
0.242104 	1484 	-1.82982e-12 	0
0.242469 	1484 	-1.37626e-12 	0
0.242844 	1484 	-1.55171e-12 	0
0.243227 	1484 	-3.83351e-12 	0
0.24362 	1484 	-7.26301e-12 	0
0.244022 	1484 	-1.19928e-11 	0
0.244434 	1484 	-1.58406e-11 	0
0.244855 	1484 	-1.89547e-11 	0
0.245287 	1484 	-2.1467e-11 	0
0.245728 	1484 	-1.58725e-11 	0
0.246182 	1484 	1.902e-11 	0
0.246646 	1484 	1.10647e-10 	0
0.24712 	1484 	3.0144e-10 	0
0.247605 	1484 	6.62488e-10 	0
0.248102 	1484 	1.29578e-09 	0
0.248612 	1484 	2.34899e-09 	0
0.249133 	1484 	4.02558e-09 	0
0.249667 	1484 	6.60049e-09 	0
0.250213 	1484 	1.04316e-08 	0
0.250772 	1484 	1.59637e-08 	0
0.251345 	1484 	2.37452e-08 	0
0.251931 	1484 	3.44451e-08 	0
0.252531 	1484 	4.88207e-08 	0
0.253145 	1484 	6.77457e-08 	0
0.253587 	1484 	8.41426e-08 	0
0.253906 	1484 	9.78276e-08 	0
0.254418 	1484 	1.22984e-07 	0
0.255076 	1484 	1.61348e-07 	0
0.25575 	1484 	2.08346e-07 	0
0.25644 	1484 	2.64992e-07 	0
0.257146 	1484 	3.32269e-07 	0
0.257868 	1484 	4.11009e-07 	0
0.258608 	1484 	5.01695e-07 	0
0.259364 	1484 	6.04674e-07 	0
0.260139 	1484 	7.19921e-07 	0
0.260931 	1484 	8.46984e-07 	0
0.261741 	1484 	9.84976e-07 	0
0.262571 	1484 	1.13226e-06 	0
0.263419 	1484 	1.28685e-06 	0
0.264287 	1484 	1.44627e-06 	0
0.265176 	1484 	1.60709e-06 	0
0.266085 	1484 	1.76526e-06 	0
0.267014 	1484 	1.91568e-06 	0
0.267965 	1484 	2.05886e-06 	0
0.268938 	1484 	2.19494e-06 	0
0.269932 	1484 	2.30792e-06 	0
0.27095 	1484 	2.3906e-06 	0
0.271991 	1484 	2.43458e-06 	0
0.273056 	1484 	2.43836e-06 	0
0.274145 	1484 	2.40236e-06 	0
0.275258 	1484 	2.32925e-06 	0
0.276397 	1484 	2.18981e-06 	0
0.277562 	1484 	1.97771e-06 	0
0.278752 	1484 	1.69071e-06 	0
0.279969 	1484 	1.32435e-06 	0
0.281073 	1484 	9.28428e-07 	0
0.281704 	1484 	6.82706e-07 	0
0.282492 	1484 	3.37348e-07 	0
0.283802 	1484 	-2.90274e-07 	0
0.285142 	1484 	-1.01349e-06 	0
0.286512 	1484 	-1.83295e-06 	0
0.287913 	1484 	-2.74495e-06 	0
0.289346 	1484 	-3.74284e-06 	0
0.290812 	1484 	-4.81804e-06 	0
0.29231 	1484 	-5.96082e-06 	0
0.293842 	1484 	-7.15856e-06 	0
0.295409 	1484 	-8.39908e-06 	0
0.29701 	1484 	-9.61818e-06 	0
0.298648 	1484 	-1.07001e-05 	0
0.300322 	1484 	-1.17491e-05 	0
0.302032 	1484 	-1.27457e-05 	0
0.303782 	1484 	-1.36685e-05 	0
0.305569 	1484 	-1.44981e-05 	0
0.307397 	1484 	-1.52137e-05 	0
0.309265 	1484 	-1.57949e-05 	0
0.310844 	1484 	-1.6168e-05 	0
0.311808 	1484 	-1.63375e-05 	0
0.313121 	1484 	-1.64942e-05 	0
0.315112 	1484 	-1.65794e-05 	0
0.317146 	1484 	-1.64649e-05 	0
0.319224 	1484 	-1.61374e-05 	0
0.321348 	1484 	-1.55921e-05 	0
0.323518 	1484 	-1.48178e-05 	0
0.325733 	1484 	-1.3809e-05 	0
0.327996 	1484 	-1.27765e-05 	0
0.330308 	1484 	-1.25962e-05 	0
0.332669 	1484 	-1.23039e-05 	0
0.33508 	1484 	-1.18976e-05 	0
0.337542 	1484 	-1.13832e-05 	0
0.340057 	1484 	-1.07586e-05 	0
0.342457 	1484 	-1.00799e-05 	0
0.343757 	1484 	-9.68335e-06 	0
0.345282 	1484 	-9.1901e-06 	0
0.348019 	1484 	-8.24565e-06 	0
0.350819 	1484 	-7.20144e-06 	0
0.35368 	1484 	-6.06367e-06 	0
0.356603 	1484 	-4.83089e-06 	0
0.359592 	1484 	-3.50799e-06 	0
0.362645 	1484 	-2.65667e-06 	0
0.365765 	1484 	-2.13583e-06 	0
0.368952 	1484 	-1.58944e-06 	0
0.372208 	1484 	-1.01786e-06 	0
0.375533 	1484 	-4.22425e-07 	0
0.377533 	1484 	-5.88893e-08 	0
