-2.75000000000000e+000    1.05479452054795e-003
-2.19444444444444e+000    1.02739726027397e-003
-2.00000000000000e+000    8.76712328767123e-004
-1.88888888888889e+000    7.39726027397260e-004
-1.75000000000000e+000    6.98630136986301e-004
-1.66666666666667e+000    6.71232876712329e-004
-1.55555555555556e+000    6.43835616438356e-004
-1.33333333333333e+000    6.16438356164384e-004
 4.16666666666667e-001    9.58904109589041e-005
 6.38888888888889e-001    2.32876712328767e-004
 8.61111111111111e-001    3.28767123287671e-004
 1.22222222222222e+000    4.93150684931507e-004
 2.08333333333333e+000    8.76712328767123e-004
 2.41666666666667e+000    1.15068493150685e-003
 3.27777777777778e+000    1.57534246575342e-003
 4.05555555555556e+000    1.86301369863014e-003
 4.88888888888889e+000    2.12328767123288e-003
 5.66666666666667e+000    2.34246575342466e-003
