-3.30820291419320e+000    1.00000000000000e+000
-2.73022126281705e+000    1.00000000000000e+000
-2.23480841878036e+000    1.00000000000000e+000
-1.98694009713977e+000    1.01176470588235e+000
-1.76368051807879e+000    1.23529411764706e+000
-1.51079330814895e+000    1.61176470588235e+000
-1.42709120345386e+000    1.69411764705882e+000
-1.20545062061522e+000    1.80000000000000e+000
-1.01165677280086e+000    1.88235294117647e+000
-7.62655153804641e-001    1.97647058823529e+000
-5.68699406368052e-001    2.07058823529412e+000
-3.20183486238532e-001    2.12941176470588e+000
-9.85429033998919e-002    2.23529411764706e+000
 1.21964382083108e-002    2.28235294117647e+000
 1.79438747976254e-001    2.43529411764706e+000
 4.01565029681597e-001    2.57647058823529e+000
 9.86832164058284e-001    3.10588235294118e+000
 1.20960604425256e+000    3.29411764705882e+000
 1.87582298974636e+000    3.70588235294118e+000
 2.09649217485159e+000    3.74117647058824e+000
 2.42757690232056e+000    3.80000000000000e+000
 2.81435509983810e+000    3.90588235294118e+000
 3.47603885590934e+000    3.98823529411765e+000
 3.86281705342688e+000    4.09411764705882e+000
 4.27695628710200e+000    4.18823529411765e+000
 4.63572584997302e+000    4.25882352941176e+000
 5.02104695089045e+000    4.25882352941176e+000
