4.96314e-06 	21.3912 	-0.00512944 	0
1.48429e-05 	63.0675 	-0.0137093 	0
2.46948e-05 	103.655 	-0.0207777 	0
3.46404e-05 	143.77 	-0.0277707 	0
4.47862e-05 	183.902 	-0.0345497 	0
5.52311e-05 	224.352 	-0.0412902 	0
6.60699e-05 	265.204 	-0.0482128 	0
7.73965e-05 	306.312 	-0.055687 	0
8.93058e-05 	347.359 	-0.0640635 	0
0.000101896 	387.955 	-0.0735847 	0
0.000115268 	427.751 	-0.0844206 	0
0.00012953 	466.508 	-0.0964963 	0
0.000144795 	504.185 	-0.109534 	0
0.000161185 	540.816 	-0.123243 	0
0.000178829 	576.308 	-0.137331 	0
0.000197868 	610.476 	-0.151518 	0
0.00021845 	643.243 	-0.165651 	0
0.000240738 	674.783 	-0.17967 	0
0.000264909 	705.261 	-0.193363 	0
0.000291153 	734.697 	-0.206408 	0
0.000319676 	763.109 	-0.218521 	0
0.000350703 	790.55 	-0.229357 	0
0.000384479 	817.092 	-0.238467 	0
0.000421271 	842.814 	-0.24576 	0
0.000461366 	867.788 	-0.250555 	0
0.000505082 	892.076 	-0.251817 	0
0.000552762 	915.731 	-0.249502 	0
0.000604783 	938.795 	-0.243214 	0
0.000661554 	961.307 	-0.232136 	0
0.000723523 	983.3 	-0.21557 	0
0.000791177 	1004.81 	-0.192898 	0
0.00086505 	1025.85 	-0.163553 	0
0.000945722 	1046.47 	-0.126792 	0
0.00103383 	1066.68 	-0.0814169 	0
0.00113007 	1086.52 	-0.028339 	0
0.0012352 	1106.02 	0.0336761 	0
0.00135004 	1125.21 	0.105229 	0
0.0014755 	1144.13 	0.186629 	0
0.00161258 	1162.82 	0.278223 	0
0.00176234 	1181.3 	0.380462 	0
0.00192597 	1199.61 	0.493784 	0
0.00210476 	1217.8 	0.618634 	0
0.00230012 	1235.9 	0.755648 	0
0.00251358 	1253.96 	0.905569 	0
0.00274683 	1272.06 	1.0702 	0
0.00300171 	1290.26 	1.2535 	0
0.00328023 	1308.68 	1.45689 	0
0.00358457 	1327.34 	1.6882 	0
0.00391714 	1346.23 	1.95512 	0
0.00428056 	1365.25 	2.2656 	0
0.00467769 	1384.38 	2.63782 	0
0.00511167 	1403.71 	3.0922 	0
0.00558591 	1423.31 	3.68575 	0
0.00610416 	1442.89 	4.44697 	0
0.0066705 	1461.31 	5.52091 	0
0.0072894 	1474.96 	6.84966 	0
0.00796574 	1481.12 	8.2718 	0
0.00855799 	1482.64 	9.11548 	0
0.00894392 	1482.84 	9.42408 	0
0.00951253 	1482.92 	9.60758 	0
0.0103952 	1482.94 	9.71141 	0
0.0113598 	1482.96 	9.77438 	0
0.0124139 	1482.96 	9.82209 	0
0.013566 	1482.95 	9.81555 	0
0.0148251 	1482.93 	9.75539 	0
0.0162011 	1482.9 	9.55742 	0
0.017705 	1482.87 	9.39593 	0
0.0193486 	1482.86 	9.25713 	0
0.0202967 	1482.85 	9.21589 	0
0.0212348 	1482.85 	9.20515 	0
0.0231084 	1482.86 	9.21783 	0
0.0252543 	1482.87 	9.40175 	0
0.0276001 	1482.89 	9.78902 	0
0.0301448 	1482.91 	10.0983 	0
0.031484 	1482.92 	10.2384 	0
0.0329673 	1482.92 	10.3422 	0
0.0360314 	1482.91 	10.4549 	0
0.0393815 	1482.89 	10.2873 	0
0.041589 	1482.85 	10.1715 	0
0.0435022 	1482.83 	10.0787 	0
0.0470499 	1482.8 	9.93189 	0
0.0506434 	1482.77 	10.1748 	0
0.0529317 	1482.76 	10.375 	0
0.0562215 	1482.76 	10.7073 	0
0.0602482 	1482.76 	11.2178 	0
0.0629866 	1482.76 	11.5331 	0
0.0671978 	1482.76 	11.9501 	0
0.07057 	1482.7 	11.9484 	0
0.0738498 	1482.68 	11.6095 	0
0.078218 	1482.81 	9.69468 	0
0.0818093 	1483 	7.8635 	0
0.0859665 	1483.34 	5.47489 	0
0.0899001 	1483.6 	3.50044 	0
0.0938543 	1483.8 	1.69044 	0
0.098165 	1483.93 	0.513217 	0
0.101925 	1483.97 	0.255693 	0
0.106651 	1484 	0.0226522 	0
0.110224 	1484 	0.0136149 	0
0.113967 	1484 	0.00341877 	0
0.118805 	1484 	0.000171383 	0
0.122029 	1484 	9.9767e-05 	0
0.126872 	1484 	4.35651e-07 	0
0.130784 	1484 	3.07754e-07 	0
0.133691 	1484 	1.95972e-07 	0
0.138506 	1484 	1.32415e-09 	0
0.142708 	1484 	6.49604e-10 	0
0.145325 	1484 	3.43154e-10 	0
0.148982 	1484 	7.91618e-11 	0
0.15382 	1484 	-2.47849e-11 	0
0.15705 	1484 	-4.57198e-11 	0
0.159283 	1484 	-4.79818e-11 	0
0.16276 	1484 	-2.7513e-11 	0
0.166887 	1484 	8.51313e-12 	0
0.1708 	1484 	5.22431e-12 	0
0.172904 	1484 	3.63155e-12 	0
0.174709 	1484 	2.47316e-12 	0
0.178025 	1484 	1.31778e-12 	0
0.181359 	1484 	1.29283e-12 	0
0.184518 	1484 	1.61435e-12 	0
0.187512 	1484 	1.10377e-12 	0
0.189414 	1484 	9.42829e-13 	0
0.190794 	1484 	8.16867e-13 	0
0.193039 	1484 	6.14699e-13 	0
0.195586 	1484 	4.52161e-13 	0
0.197999 	1484 	3.35062e-13 	0
0.200286 	1484 	2.60225e-13 	0
0.202452 	1484 	2.10374e-13 	0
0.204504 	1484 	2.37472e-13 	0
0.206447 	1484 	-2.03507e-15 	0
0.207887 	1484 	-1.90715e-14 	0
0.208782 	1484 	3.40499e-14 	0
0.21003 	1484 	5.74068e-14 	0
0.21168 	1484 	1.76901e-15 	0
0.213242 	1484 	-7.28619e-14 	0
0.214721 	1484 	-9.56062e-14 	0
0.216122 	1484 	-1.77988e-13 	0
0.217447 	1484 	-3.72123e-13 	0
0.218702 	1484 	-1.41408e-13 	0
0.219889 	1484 	-1.5073e-13 	0
0.221014 	1484 	-1.97267e-13 	0
0.222078 	1484 	-2.4056e-13 	0
0.223085 	1484 	-2.43584e-13 	0
0.224038 	1484 	-3.98582e-13 	0
0.22494 	1484 	-3.91562e-13 	0
0.225793 	1484 	-4.45619e-13 	0
0.2266 	1484 	-4.4889e-13 	0
0.227363 	1484 	-3.79728e-13 	0
0.228086 	1484 	-2.94625e-13 	0
0.228681 	1484 	-3.49752e-13 	0
0.229013 	1484 	-4.03973e-13 	0
0.229416 	1484 	-3.82648e-13 	0
0.230028 	1484 	-2.91736e-13 	0
0.230607 	1484 	-2.48751e-13 	0
0.231154 	1484 	-2.48344e-13 	0
0.231672 	1484 	-2.34975e-13 	0
0.232161 	1484 	-1.78419e-13 	0
0.232625 	1484 	-2.46938e-13 	0
0.233063 	1484 	-3.09982e-13 	0
0.233478 	1484 	-2.20248e-13 	0
0.23387 	1484 	-1.14156e-13 	0
0.234241 	1484 	-6.30574e-14 	0
0.234591 	1484 	2.67972e-14 	0
0.234924 	1484 	1.14963e-14 	0
0.235237 	1484 	-4.93508e-14 	0
0.235535 	1484 	-2.43213e-14 	0
0.235816 	1484 	-9.47617e-14 	0
0.236082 	1484 	-1.15675e-13 	0
0.236335 	1484 	-1.78068e-13 	0
0.236575 	1484 	-8.47296e-14 	0
0.236811 	1484 	-1.17947e-13 	0
0.237052 	1484 	-2.47304e-13 	0
0.237298 	1484 	-2.77938e-13 	0
0.237548 	1484 	-3.23518e-13 	0
0.237805 	1484 	-3.71948e-13 	0
0.238067 	1484 	-4.44667e-13 	0
0.238335 	1484 	-5.21356e-13 	0
0.23861 	1484 	-6.20976e-13 	0
0.238891 	1484 	-6.70239e-13 	0
0.239179 	1484 	-8.46822e-13 	0
0.239474 	1484 	-9.55631e-13 	0
0.239775 	1484 	-6.90692e-13 	0
0.240085 	1484 	-7.99619e-13 	0
0.240402 	1484 	-1.08632e-12 	0
0.240727 	1484 	-1.04296e-12 	0
0.241058 	1484 	-1.30888e-12 	0
0.241398 	1484 	-1.95431e-12 	0
0.241747 	1484 	-1.38685e-12 	0
0.242104 	1484 	-1.26707e-12 	0
0.242469 	1484 	-7.71237e-13 	0
0.242844 	1484 	-1.90277e-12 	0
0.243227 	1484 	-4.8482e-12 	0
0.24362 	1484 	-8.4863e-12 	0
0.244022 	1484 	-1.14863e-11 	0
0.244434 	1484 	-1.48059e-11 	0
0.244855 	1484 	-1.88645e-11 	0
0.245287 	1484 	-2.07206e-11 	0
0.245728 	1484 	-1.30635e-11 	0
0.246182 	1484 	2.86261e-11 	0
0.246646 	1484 	1.22486e-10 	0
0.24712 	1484 	3.18038e-10 	0
0.247605 	1484 	6.86e-10 	0
0.248102 	1484 	1.33034e-09 	0
0.248612 	1484 	2.40388e-09 	0
0.249133 	1484 	4.10919e-09 	0
0.249667 	1484 	6.7258e-09 	0
0.250213 	1484 	1.06111e-08 	0
0.250772 	1484 	1.62146e-08 	0
0.251345 	1484 	2.40881e-08 	0
0.251931 	1484 	3.49035e-08 	0
0.252531 	1484 	4.94225e-08 	0
0.253145 	1484 	6.85228e-08 	0
0.253587 	1484 	8.50623e-08 	0
0.253906 	1484 	9.88592e-08 	0
0.254418 	1484 	1.24209e-07 	0
0.255076 	1484 	1.62845e-07 	0
0.25575 	1484 	2.10149e-07 	0
0.25644 	1484 	2.67131e-07 	0
0.257146 	1484 	3.34768e-07 	0
0.257868 	1484 	4.1389e-07 	0
0.258608 	1484 	5.04964e-07 	0
0.259364 	1484 	6.08329e-07 	0
0.260139 	1484 	7.23946e-07 	0
0.260931 	1484 	8.5135e-07 	0
0.261741 	1484 	9.89637e-07 	0
0.262571 	1484 	1.13715e-06 	0
0.263419 	1484 	1.29187e-06 	0
0.264287 	1484 	1.45132e-06 	0
0.265176 	1484 	1.61205e-06 	0
0.266085 	1484 	1.76995e-06 	0
0.267014 	1484 	1.91992e-06 	0
0.267965 	1484 	2.06241e-06 	0
0.268938 	1484 	2.1974e-06 	0
0.269932 	1484 	2.30949e-06 	0
0.27095 	1484 	2.39052e-06 	0
0.271991 	1484 	2.43274e-06 	0
0.273056 	1484 	2.43493e-06 	0
0.274145 	1484 	2.39702e-06 	0
0.275258 	1484 	2.32204e-06 	0
0.276397 	1484 	2.17945e-06 	0
0.277562 	1484 	1.96412e-06 	0
0.278752 	1484 	1.67373e-06 	0
0.279969 	1484 	1.30376e-06 	0
0.281073 	1484 	9.04401e-07 	0
0.281704 	1484 	6.56679e-07 	0
0.282492 	1484 	3.08739e-07 	0
0.283802 	1484 	-3.23259e-07 	0
0.285142 	1484 	-1.05103e-06 	0
0.286512 	1484 	-1.87513e-06 	0
0.287913 	1484 	-2.79164e-06 	0
0.289346 	1484 	-3.79394e-06 	0
0.290812 	1484 	-4.87337e-06 	0
0.29231 	1484 	-6.02015e-06 	0
0.293842 	1484 	-7.2216e-06 	0
0.295409 	1484 	-8.46549e-06 	0
0.29701 	1484 	-9.68741e-06 	0
0.298648 	1484 	-1.07711e-05 	0
0.300322 	1484 	-1.18214e-05 	0
0.302032 	1484 	-1.28187e-05 	0
0.303782 	1484 	-1.37416e-05 	0
0.305569 	1484 	-1.45707e-05 	0
0.307397 	1484 	-1.52851e-05 	0
0.309265 	1484 	-1.58645e-05 	0
0.310844 	1484 	-1.62358e-05 	0
0.311808 	1484 	-1.6404e-05 	0
0.313121 	1484 	-1.65587e-05 	0
0.315112 	1484 	-1.66406e-05 	0
0.317146 	1484 	-1.65224e-05 	0
0.319224 	1484 	-1.61909e-05 	0
0.321348 	1484 	-1.56412e-05 	0
0.323518 	1484 	-1.48624e-05 	0
0.325733 	1484 	-1.38488e-05 	0
0.327996 	1484 	-1.28117e-05 	0
0.330308 	1484 	-1.2629e-05 	0
0.332669 	1484 	-1.23342e-05 	0
0.33508 	1484 	-1.19254e-05 	0
0.337542 	1484 	-1.14084e-05 	0
0.340057 	1484 	-1.07811e-05 	0
0.342457 	1484 	-1.01001e-05 	0
0.343757 	1484 	-9.70232e-06 	0
0.345282 	1484 	-9.2077e-06 	0
0.348019 	1484 	-8.26087e-06 	0
0.350819 	1484 	-7.21433e-06 	0
0.35368 	1484 	-6.07401e-06 	0
0.356603 	1484 	-4.83859e-06 	0
0.359592 	1484 	-3.51329e-06 	0
0.362645 	1484 	-2.66032e-06 	0
0.365765 	1484 	-2.13867e-06 	0
0.368952 	1484 	-1.59141e-06 	0
0.372208 	1484 	-1.01911e-06 	0
0.375533 	1484 	-4.22983e-07 	0
0.377533 	1484 	-5.89693e-08 	0
