4.96314e-06 	28.3576 	-0.0166006 	0
1.48429e-05 	83.2734 	-0.0446775 	0
2.46948e-05 	136.444 	-0.0687169 	0
3.46404e-05 	188.688 	-0.0931723 	0
4.47862e-05 	240.431 	-0.11794 	0
5.52311e-05 	291.556 	-0.143182 	0
6.60699e-05 	341.456 	-0.168889 	0
7.73965e-05 	389.304 	-0.194793 	0
8.93058e-05 	434.425 	-0.220781 	0
0.000101896 	476.513 	-0.24678 	0
0.000115268 	515.635 	-0.272127 	0
0.00012953 	552.157 	-0.296224 	0
0.000144795 	586.408 	-0.318356 	0
0.000161185 	618.576 	-0.337809 	0
0.000178829 	648.83 	-0.353843 	0
0.000197868 	677.344 	-0.365827 	0
0.00021845 	704.288 	-0.37295 	0
0.000240738 	729.82 	-0.375168 	0
0.000264909 	754.083 	-0.370631 	0
0.000291153 	777.211 	-0.358945 	0
0.000319676 	799.334 	-0.340749 	0
0.000350703 	820.589 	-0.31488 	0
0.000384479 	841.117 	-0.281561 	0
0.000421271 	861.025 	-0.240725 	0
0.000461366 	880.382 	-0.192625 	0
0.000505082 	899.243 	-0.137728 	0
0.000552762 	917.661 	-0.0766605 	0
0.000604783 	935.679 	-0.0102094 	0
0.000661554 	953.341 	0.0605944 	0
0.000723523 	970.682 	0.134642 	0
0.000791177 	987.738 	0.210668 	0
0.00086505 	1004.54 	0.287242 	0
0.000945722 	1021.12 	0.362927 	0
0.00103383 	1037.5 	0.436276 	0
0.00113007 	1053.72 	0.505905 	0
0.0012352 	1069.8 	0.57054 	0
0.00135004 	1085.76 	0.62906 	0
0.0014755 	1101.63 	0.680901 	0
0.00161258 	1117.45 	0.726846 	0
0.00176234 	1133.24 	0.765572 	0
0.00192597 	1149.02 	0.798221 	0
0.00210476 	1164.85 	0.826384 	0
0.00230012 	1180.75 	0.852885 	0
0.00251358 	1196.76 	0.88148 	0
0.00274683 	1212.92 	0.916974 	0
0.00300171 	1229.32 	0.965519 	0
0.00328023 	1246.04 	1.0338 	0
0.00358457 	1263.25 	1.13165 	0
0.00391714 	1281.08 	1.27083 	0
0.00428056 	1299.64 	1.46598 	0
0.00467769 	1319.07 	1.73216 	0
0.00511167 	1339.45 	2.08887 	0
0.00558591 	1360.66 	2.54861 	0
0.00610416 	1382.29 	3.12998 	0
0.0066705 	1403.64 	3.83071 	0
0.0072894 	1424.5 	4.67166 	0
0.00796574 	1444.93 	5.75656 	0
0.00855799 	1460.18 	6.92934 	0
0.00894392 	1468.48 	7.79672 	0
0.00951253 	1476.24 	9.11645 	0
0.0103952 	1481.54 	10.9316 	0
0.0113598 	1482.45 	12.0386 	0
0.0124139 	1482.47 	12.1446 	0
0.013566 	1482.46 	12.2158 	0
0.0148251 	1482.44 	12.4208 	0
0.0162011 	1482.46 	12.538 	0
0.017705 	1482.46 	12.6937 	0
0.0193486 	1482.48 	12.6841 	0
0.0202967 	1482.48 	12.6222 	0
0.0212348 	1482.49 	12.5393 	0
0.0231084 	1482.5 	12.4401 	0
0.0252543 	1482.48 	12.5999 	0
0.0276001 	1482.51 	12.9937 	0
0.0301448 	1482.55 	13.3842 	0
0.031484 	1482.55 	13.5846 	0
0.0329673 	1482.54 	13.7373 	0
0.0360314 	1482.53 	13.8823 	0
0.0393815 	1482.51 	13.718 	0
0.041589 	1482.45 	13.5982 	0
0.0435022 	1482.41 	13.4809 	0
0.0470499 	1482.4 	13.2363 	0
0.0506434 	1482.34 	13.4584 	0
0.0529317 	1482.33 	13.6495 	0
0.0562215 	1482.35 	13.9825 	0
0.0602482 	1482.34 	14.6748 	0
0.0629866 	1482.35 	15.0768 	0
0.0671978 	1482.36 	15.5539 	0
0.07057 	1482.3 	15.4343 	0
0.0738498 	1482.28 	14.8851 	0
0.078218 	1482.49 	12.2834 	0
0.0818093 	1482.76 	9.83378 	0
0.0859665 	1483.2 	6.64357 	0
0.0899001 	1483.53 	4.12077 	0
0.0938543 	1483.77 	1.96106 	0
0.098165 	1483.92 	0.567918 	0
0.101925 	1483.97 	0.282192 	0
0.106651 	1484 	0.022717 	0
0.110224 	1484 	0.0136478 	0
0.113967 	1484 	0.00340879 	0
0.118805 	1484 	0.000155796 	0
0.122029 	1484 	9.12566e-05 	0
0.126872 	1484 	-1.39921e-07 	0
0.130784 	1484 	-8.65809e-08 	0
0.133691 	1484 	-5.78452e-08 	0
0.138506 	1484 	-3.6923e-08 	0
0.142708 	1484 	-2.54842e-08 	0
0.145325 	1484 	-1.85188e-08 	0
0.148982 	1484 	-9.30449e-09 	0
0.15382 	1484 	-3.68311e-09 	0
0.15705 	1484 	-2.7548e-09 	0
0.159283 	1484 	-2.06471e-09 	0
0.16276 	1484 	-9.57268e-10 	0
0.166887 	1484 	-6.57394e-11 	0
0.1708 	1484 	-4.87151e-11 	0
0.172904 	1484 	-3.76661e-11 	0
0.174709 	1484 	-2.76069e-11 	0
0.178025 	1484 	-1.17929e-11 	0
0.181359 	1484 	-7.74143e-13 	0
0.184518 	1484 	1.68782e-12 	0
0.187512 	1484 	3.67193e-12 	0
0.189414 	1484 	4.49619e-12 	0
0.190794 	1484 	4.77051e-12 	0
0.193039 	1484 	4.68458e-12 	0
0.195586 	1484 	3.89265e-12 	0
0.197999 	1484 	2.17481e-12 	0
0.200286 	1484 	1.11947e-12 	0
0.202452 	1484 	1.40814e-12 	0
0.204504 	1484 	1.65882e-12 	0
0.206447 	1484 	1.81671e-12 	0
0.207887 	1484 	1.87885e-12 	0
0.208782 	1484 	1.89514e-12 	0
0.21003 	1484 	1.86924e-12 	0
0.21168 	1484 	1.71143e-12 	0
0.213242 	1484 	1.54202e-12 	0
0.214721 	1484 	1.301e-12 	0
0.216122 	1484 	9.29393e-13 	0
0.217447 	1484 	4.56928e-13 	0
0.218702 	1484 	1.3793e-13 	0
0.219889 	1484 	-1.99919e-13 	0
0.221014 	1484 	-1.48702e-13 	0
0.222078 	1484 	-3.79703e-13 	0
0.223085 	1484 	-4.9808e-13 	0
0.224038 	1484 	-5.77127e-13 	0
0.22494 	1484 	-5.85325e-13 	0
0.225793 	1484 	-6.09082e-13 	0
0.2266 	1484 	-6.17488e-13 	0
0.227363 	1484 	-6.59152e-13 	0
0.228086 	1484 	-6.03781e-13 	0
0.228681 	1484 	-6.15179e-13 	0
0.229013 	1484 	-6.51877e-13 	0
0.229416 	1484 	-6.72674e-13 	0
0.230028 	1484 	-6.77705e-13 	0
0.230607 	1484 	-6.84511e-13 	0
0.231154 	1484 	-6.76111e-13 	0
0.231672 	1484 	-6.54867e-13 	0
0.232161 	1484 	-5.66305e-13 	0
0.232625 	1484 	-6.98435e-13 	0
0.233063 	1484 	-7.34372e-13 	0
0.233478 	1484 	-5.61404e-13 	0
0.23387 	1484 	-4.47212e-13 	0
0.234241 	1484 	-4.40215e-13 	0
0.234591 	1484 	-4.76774e-13 	0
0.234924 	1484 	-5.41125e-13 	0
0.235237 	1484 	-6.04031e-13 	0
0.235535 	1484 	-6.166e-13 	0
0.235816 	1484 	-6.84834e-13 	0
0.236082 	1484 	-7.0104e-13 	0
0.236335 	1484 	-7.4934e-13 	0
0.236575 	1484 	-7.6667e-13 	0
0.236811 	1484 	-7.59521e-13 	0
0.237052 	1484 	-7.41211e-13 	0
0.237298 	1484 	-6.80441e-13 	0
0.237548 	1484 	-7.52059e-13 	0
0.237805 	1484 	-7.11459e-13 	0
0.238067 	1484 	-6.35326e-13 	0
0.238335 	1484 	-5.21663e-13 	0
0.23861 	1484 	-5.06955e-13 	0
0.238891 	1484 	-5.11232e-13 	0
0.239179 	1484 	-5.51151e-13 	0
0.239474 	1484 	-4.93375e-13 	0
0.239775 	1484 	-4.25207e-13 	0
0.240085 	1484 	-3.71107e-13 	0
0.240402 	1484 	-4.77056e-13 	0
0.240727 	1484 	-5.78552e-13 	0
0.241058 	1484 	-8.82773e-13 	0
0.241398 	1484 	-1.06068e-12 	0
0.241747 	1484 	-9.19595e-13 	0
0.242104 	1484 	-1.33514e-12 	0
0.242469 	1484 	-9.98301e-13 	0
0.242844 	1484 	-1.21085e-12 	0
0.243227 	1484 	-3.43461e-12 	0
0.24362 	1484 	-7.32227e-12 	0
0.244022 	1484 	-1.16609e-11 	0
0.244434 	1484 	-1.85149e-11 	0
0.244855 	1484 	-2.29129e-11 	0
0.245287 	1484 	-2.45184e-11 	0
0.245728 	1484 	-1.84792e-11 	0
0.246182 	1484 	1.64782e-11 	0
0.246646 	1484 	1.06398e-10 	0
0.24712 	1484 	2.93737e-10 	0
0.247605 	1484 	6.47148e-10 	0
0.248102 	1484 	1.26838e-09 	0
0.248612 	1484 	2.30438e-09 	0
0.249133 	1484 	3.95603e-09 	0
0.249667 	1484 	6.49654e-09 	0
0.250213 	1484 	1.0279e-08 	0
0.250772 	1484 	1.57495e-08 	0
0.251345 	1484 	2.34509e-08 	0
0.251931 	1484 	3.40446e-08 	0
0.252531 	1484 	4.82861e-08 	0
0.253145 	1484 	6.7047e-08 	0
0.253587 	1484 	8.33089e-08 	0
0.253906 	1484 	9.68853e-08 	0
0.254418 	1484 	1.2185e-07 	0
0.255076 	1484 	1.59939e-07 	0
0.25575 	1484 	2.0662e-07 	0
0.25644 	1484 	2.6291e-07 	0
0.257146 	1484 	3.29792e-07 	0
0.257868 	1484 	4.08107e-07 	0
0.258608 	1484 	4.98342e-07 	0
0.259364 	1484 	6.00852e-07 	0
0.260139 	1484 	7.15622e-07 	0
0.260931 	1484 	8.42214e-07 	0
0.261741 	1484 	9.7976e-07 	0
0.262571 	1484 	1.12664e-06 	0
0.263419 	1484 	1.2809e-06 	0
0.264287 	1484 	1.44006e-06 	0
0.265176 	1484 	1.60068e-06 	0
0.266085 	1484 	1.75884e-06 	0
0.267014 	1484 	1.90942e-06 	0
0.267965 	1484 	2.05285e-06 	0
0.268938 	1484 	2.18945e-06 	0
0.269932 	1484 	2.303e-06 	0
0.27095 	1484 	2.38679e-06 	0
0.271991 	1484 	2.43197e-06 	0
0.273056 	1484 	2.43683e-06 	0
0.274145 	1484 	2.40216e-06 	0
0.275258 	1484 	2.33039e-06 	0
0.276397 	1484 	2.19324e-06 	0
0.277562 	1484 	1.98351e-06 	0
0.278752 	1484 	1.69902e-06 	0
0.279969 	1484 	1.33537e-06 	0
0.281073 	1484 	9.42027e-07 	0
0.281704 	1484 	6.97808e-07 	0
0.282492 	1484 	3.54391e-07 	0
0.283802 	1484 	-2.69938e-07 	0
0.285142 	1484 	-9.8972e-07 	0
0.286512 	1484 	-1.80569e-06 	0
0.287913 	1484 	-2.71429e-06 	0
0.289346 	1484 	-3.70887e-06 	0
0.290812 	1484 	-4.78089e-06 	0
0.29231 	1484 	-5.92066e-06 	0
0.293842 	1484 	-7.11562e-06 	0
0.295409 	1484 	-8.3536e-06 	0
0.29701 	1484 	-9.57061e-06 	0
0.298648 	1484 	-1.06512e-05 	0
0.300322 	1484 	-1.16991e-05 	0
0.302032 	1484 	-1.26952e-05 	0
0.303782 	1484 	-1.36181e-05 	0
0.305569 	1484 	-1.44481e-05 	0
0.307397 	1484 	-1.51645e-05 	0
0.309265 	1484 	-1.5747e-05 	0
0.310844 	1484 	-1.61215e-05 	0
0.311808 	1484 	-1.6292e-05 	0
0.313121 	1484 	-1.64502e-05 	0
0.315112 	1484 	-1.65379e-05 	0
0.317146 	1484 	-1.64263e-05 	0
0.319224 	1484 	-1.6102e-05 	0
0.321348 	1484 	-1.55597e-05 	0
0.323518 	1484 	-1.47886e-05 	0
0.325733 	1484 	-1.37835e-05 	0
0.327996 	1484 	-1.27545e-05 	0
0.330308 	1484 	-1.25761e-05 	0
0.332669 	1484 	-1.22853e-05 	0
0.33508 	1484 	-1.18808e-05 	0
0.337542 	1484 	-1.13682e-05 	0
0.340057 	1484 	-1.07456e-05 	0
0.342457 	1484 	-1.00687e-05 	0
0.343757 	1484 	-9.67305e-06 	0
0.345282 	1484 	-9.18073e-06 	0
0.348019 	1484 	-8.23779e-06 	0
0.350819 	1484 	-7.19498e-06 	0
0.35368 	1484 	-6.05802e-06 	0
0.356603 	1484 	-4.82678e-06 	0
0.359592 	1484 	-3.50578e-06 	0
0.362645 	1484 	-2.65424e-06 	0
0.365765 	1484 	-2.13402e-06 	0
0.368952 	1484 	-1.5883e-06 	0
0.372208 	1484 	-1.01723e-06 	0
0.375533 	1484 	-4.22175e-07 	0
0.377533 	1484 	-5.88535e-08 	0
