4.96314e-06 	20.8339 	0.0114402 	0
1.48429e-05 	61.4522 	0.0299729 	0
2.46948e-05 	101.022 	0.0448266 	0
3.46404e-05 	140.132 	0.0589782 	0
4.47862e-05 	179.268 	0.0726781 	0
5.52311e-05 	218.765 	0.0860982 	0
6.60699e-05 	258.785 	0.09926 	0
7.73965e-05 	299.297 	0.112074 	0
8.93058e-05 	340.096 	0.124337 	0
0.000101896 	380.859 	0.135791 	0
0.000115268 	421.238 	0.14615 	0
0.00012953 	460.92 	0.155085 	0
0.000144795 	499.671 	0.162215 	0
0.000161185 	537.33 	0.167113 	0
0.000178829 	573.811 	0.169996 	0
0.000197868 	609.019 	0.169674 	0
0.00021845 	642.887 	0.165646 	0
0.000240738 	675.395 	0.158472 	0
0.000264909 	706.572 	0.147193 	0
0.000291153 	736.557 	0.131587 	0
0.000319676 	765.48 	0.111395 	0
0.000350703 	793.393 	0.0865581 	0
0.000384479 	820.348 	0.0571413 	0
0.000421271 	846.414 	0.0233542 	0
0.000461366 	871.659 	-0.0142289 	0
0.000505082 	896.146 	-0.0549301 	0
0.000552762 	919.931 	-0.0982378 	0
0.000604783 	943.058 	-0.142637 	0
0.000661554 	965.568 	-0.186988 	0
0.000723523 	987.502 	-0.229871 	0
0.000791177 	1008.9 	-0.269542 	0
0.00086505 	1029.8 	-0.304114 	0
0.000945722 	1050.25 	-0.330915 	0
0.00103383 	1070.27 	-0.348239 	0
0.00113007 	1089.88 	-0.355532 	0
0.0012352 	1109.12 	-0.349539 	0
0.00135004 	1128.02 	-0.326855 	0
0.0014755 	1146.62 	-0.290297 	0
0.00161258 	1164.94 	-0.237121 	0
0.00176234 	1183.05 	-0.164424 	0
0.00192597 	1200.98 	-0.0738039 	0
0.00210476 	1218.77 	0.037297 	0
0.00230012 	1236.47 	0.168846 	0
0.00251358 	1254.13 	0.321449 	0
0.00274683 	1271.81 	0.495299 	0
0.00300171 	1289.56 	0.691727 	0
0.00328023 	1307.44 	0.9123 	0
0.00358457 	1325.51 	1.15539 	0
0.00391714 	1343.84 	1.42823 	0
0.00428056 	1362.47 	1.7346 	0
0.00467769 	1381.43 	2.08906 	0
0.00511167 	1400.71 	2.50393 	0
0.00558591 	1420.24 	3.02978 	0
0.00610416 	1439.74 	3.72195 	0
0.0066705 	1458.33 	4.64234 	0
0.0072894 	1472.97 	5.92115 	0
0.00796574 	1480.33 	7.42986 	0
0.00855799 	1482.36 	8.41208 	0
0.00894392 	1482.66 	8.83803 	0
0.00951253 	1482.8 	9.20168 	0
0.0103952 	1482.84 	9.53038 	0
0.0113598 	1482.87 	9.76823 	0
0.0124139 	1482.91 	9.8592 	0
0.013566 	1482.91 	9.81985 	0
0.0148251 	1482.92 	9.61097 	0
0.0162011 	1482.92 	9.3595 	0
0.017705 	1482.9 	9.09341 	0
0.0193486 	1482.91 	9.03349 	0
0.0202967 	1482.89 	9.05622 	0
0.0212348 	1482.88 	9.13934 	0
0.0231084 	1482.88 	9.35467 	0
0.0252543 	1482.87 	9.59729 	0
0.0276001 	1482.85 	9.70101 	0
0.0301448 	1482.85 	9.63045 	0
0.031484 	1482.85 	9.57859 	0
0.0329673 	1482.86 	9.557 	0
0.0360314 	1482.85 	9.63281 	0
0.0393815 	1482.87 	9.94381 	0
0.041589 	1482.88 	10.1932 	0
0.0435022 	1482.88 	10.3811 	0
0.0470499 	1482.87 	10.6436 	0
0.0506434 	1482.86 	10.8269 	0
0.0529317 	1482.83 	10.8868 	0
0.0562215 	1482.77 	10.9178 	0
0.0602482 	1482.75 	10.9214 	0
0.0629866 	1482.7 	11.0208 	0
0.0671978 	1482.58 	11.2985 	0
0.07057 	1482.68 	11.1565 	0
0.0738498 	1482.79 	10.9262 	0
0.078218 	1482.86 	10.1692 	0
0.0818093 	1482.99 	8.62105 	0
0.0859665 	1483.34 	5.39806 	0
0.0899001 	1483.62 	3.1217 	0
0.0938543 	1483.81 	1.55046 	0
0.098165 	1483.94 	0.507923 	0
0.101925 	1483.97 	0.2515 	0
0.106651 	1484 	0.0208271 	0
0.110224 	1484 	0.0124987 	0
0.113967 	1484 	0.003157 	0
0.118805 	1484 	0.000183753 	0
0.122029 	1484 	0.00010705 	0
0.126872 	1484 	-5.24619e-07 	0
0.130784 	1484 	-3.11385e-07 	0
0.133691 	1484 	-2.03642e-07 	0
0.138506 	1484 	-1.47995e-07 	0
0.142708 	1484 	-1.11331e-07 	0
0.145325 	1484 	-8.46752e-08 	0
0.148982 	1484 	-4.41803e-08 	0
0.15382 	1484 	-1.82471e-08 	0
0.15705 	1484 	-1.47096e-08 	0
0.159283 	1484 	-1.15829e-08 	0
0.16276 	1484 	-5.62047e-09 	0
0.166887 	1484 	-1.78368e-10 	0
0.1708 	1484 	-2.77608e-10 	0
0.172904 	1484 	-2.8549e-10 	0
0.174709 	1484 	-2.66667e-10 	0
0.178025 	1484 	-1.63497e-10 	0
0.181359 	1484 	2.74938e-11 	0
0.184518 	1484 	2.16453e-11 	0
0.187512 	1484 	1.1211e-11 	0
0.189414 	1484 	5.95492e-12 	0
0.190794 	1484 	2.90213e-12 	0
0.193039 	1484 	-4.49438e-13 	0
0.195586 	1484 	-1.80042e-12 	0
0.197999 	1484 	-4.29439e-13 	0
0.200286 	1484 	9.20647e-13 	0
0.202452 	1484 	5.88184e-13 	0
0.204504 	1484 	2.65089e-13 	0
0.206447 	1484 	3.19883e-14 	0
0.207887 	1484 	-1.68688e-13 	0
0.208782 	1484 	-3.02779e-13 	0
0.21003 	1484 	-4.83756e-13 	0
0.21168 	1484 	-7.67998e-13 	0
0.213242 	1484 	-8.5078e-13 	0
0.214721 	1484 	-7.99505e-13 	0
0.216122 	1484 	-6.63715e-13 	0
0.217447 	1484 	-8.36171e-13 	0
0.218702 	1484 	-9.05027e-13 	0
0.219889 	1484 	-9.32115e-13 	0
0.221014 	1484 	-9.66795e-13 	0
0.222078 	1484 	-1.02512e-12 	0
0.223085 	1484 	-1.08463e-12 	0
0.224038 	1484 	-1.12991e-12 	0
0.22494 	1484 	-1.13306e-12 	0
0.225793 	1484 	-1.1049e-12 	0
0.2266 	1484 	-1.01333e-12 	0
0.227363 	1484 	-8.93894e-13 	0
0.228086 	1484 	-7.45606e-13 	0
0.228681 	1484 	-6.459e-13 	0
0.229013 	1484 	-6.0621e-13 	0
0.229416 	1484 	-5.38924e-13 	0
0.230028 	1484 	-4.31659e-13 	0
0.230607 	1484 	-3.75291e-13 	0
0.231154 	1484 	-3.59568e-13 	0
0.231672 	1484 	-3.35976e-13 	0
0.232161 	1484 	-3.04779e-13 	0
0.232625 	1484 	-2.79398e-13 	0
0.233063 	1484 	-2.80571e-13 	0
0.233478 	1484 	-2.9231e-13 	0
0.23387 	1484 	-2.2911e-13 	0
0.234241 	1484 	-2.01319e-13 	0
0.234591 	1484 	-1.7518e-13 	0
0.234924 	1484 	-2.14142e-13 	0
0.235237 	1484 	-2.38939e-13 	0
0.235535 	1484 	-1.6162e-13 	0
0.235816 	1484 	-1.77005e-13 	0
0.236082 	1484 	-3.27217e-14 	0
0.236335 	1484 	-1.82675e-14 	0
0.236575 	1484 	1.36484e-13 	0
0.236811 	1484 	1.54141e-13 	0
0.237052 	1484 	1.6969e-13 	0
0.237298 	1484 	8.673e-14 	0
0.237548 	1484 	1.16487e-13 	0
0.237805 	1484 	8.5196e-14 	0
0.238067 	1484 	8.67943e-14 	0
0.238335 	1484 	1.21682e-13 	0
0.23861 	1484 	-1.36051e-13 	0
0.238891 	1484 	-6.85898e-14 	0
0.239179 	1484 	-2.7434e-14 	0
0.239474 	1484 	-5.23361e-14 	0
0.239775 	1484 	-1.36586e-13 	0
0.240085 	1484 	-1.62463e-13 	0
0.240402 	1484 	-2.89442e-13 	0
0.240727 	1484 	-4.15e-13 	0
0.241058 	1484 	-6.71693e-13 	0
0.241398 	1484 	-8.19742e-13 	0
0.241747 	1484 	-1.26402e-12 	0
0.242104 	1484 	-1.75327e-12 	0
0.242469 	1484 	-8.41841e-13 	0
0.242844 	1484 	-1.88485e-12 	0
0.243227 	1484 	-5.56189e-12 	0
0.24362 	1484 	-8.60432e-12 	0
0.244022 	1484 	-1.21866e-11 	0
0.244434 	1484 	-1.61433e-11 	0
0.244855 	1484 	-1.85795e-11 	0
0.245287 	1484 	-2.03169e-11 	0
0.245728 	1484 	-1.29686e-11 	0
0.246182 	1484 	2.73479e-11 	0
0.246646 	1484 	1.23387e-10 	0
0.24712 	1484 	3.22258e-10 	0
0.247605 	1484 	6.96355e-10 	0
0.248102 	1484 	1.34989e-09 	0
0.248612 	1484 	2.4383e-09 	0
0.249133 	1484 	4.16358e-09 	0
0.249667 	1484 	6.80722e-09 	0
0.250213 	1484 	1.07309e-08 	0
0.250772 	1484 	1.63872e-08 	0
0.251345 	1484 	2.43323e-08 	0
0.251931 	1484 	3.5241e-08 	0
0.252531 	1484 	4.98783e-08 	0
0.253145 	1484 	6.91254e-08 	0
0.253587 	1484 	8.57853e-08 	0
0.253906 	1484 	9.96789e-08 	0
0.254418 	1484 	1.252e-07 	0
0.255076 	1484 	1.64084e-07 	0
0.25575 	1484 	2.11672e-07 	0
0.25644 	1484 	2.68975e-07 	0
0.257146 	1484 	3.36971e-07 	0
0.257868 	1484 	4.16485e-07 	0
0.258608 	1484 	5.07979e-07 	0
0.259364 	1484 	6.11785e-07 	0
0.260139 	1484 	7.27858e-07 	0
0.260931 	1484 	8.55722e-07 	0
0.261741 	1484 	9.94458e-07 	0
0.262571 	1484 	1.14239e-06 	0
0.263419 	1484 	1.2975e-06 	0
0.264287 	1484 	1.45727e-06 	0
0.265176 	1484 	1.61824e-06 	0
0.266085 	1484 	1.7763e-06 	0
0.267014 	1484 	1.92635e-06 	0
0.267965 	1484 	2.06874e-06 	0
0.268938 	1484 	2.20344e-06 	0
0.269932 	1484 	2.3153e-06 	0
0.27095 	1484 	2.39571e-06 	0
0.271991 	1484 	2.43718e-06 	0
0.273056 	1484 	2.43865e-06 	0
0.274145 	1484 	2.39984e-06 	0
0.275258 	1484 	2.32395e-06 	0
0.276397 	1484 	2.17985e-06 	0
0.277562 	1484 	1.9629e-06 	0
0.278752 	1484 	1.67079e-06 	0
0.279969 	1484 	1.29893e-06 	0
0.281073 	1484 	8.97785e-07 	0
0.281704 	1484 	6.4902e-07 	0
0.282492 	1484 	2.99732e-07 	0
0.283802 	1484 	-3.3455e-07 	0
0.285142 	1484 	-1.0647e-06 	0
0.286512 	1484 	-1.89124e-06 	0
0.287913 	1484 	-2.81018e-06 	0
0.289346 	1484 	-3.81485e-06 	0
0.290812 	1484 	-4.8966e-06 	0
0.29231 	1484 	-6.04558e-06 	0
0.293842 	1484 	-7.24911e-06 	0
0.295409 	1484 	-8.49495e-06 	0
0.29701 	1484 	-9.71852e-06 	0
0.298648 	1484 	-1.08034e-05 	0
0.300322 	1484 	-1.18544e-05 	0
0.302032 	1484 	-1.28522e-05 	0
0.303782 	1484 	-1.37753e-05 	0
0.305569 	1484 	-1.46042e-05 	0
0.307397 	1484 	-1.53181e-05 	0
0.309265 	1484 	-1.58967e-05 	0
0.310844 	1484 	-1.62671e-05 	0
0.311808 	1484 	-1.64347e-05 	0
0.313121 	1484 	-1.65885e-05 	0
0.315112 	1484 	-1.66688e-05 	0
0.317146 	1484 	-1.65487e-05 	0
0.319224 	1484 	-1.62152e-05 	0
0.321348 	1484 	-1.56633e-05 	0
0.323518 	1484 	-1.48821e-05 	0
0.325733 	1484 	-1.3866e-05 	0
0.327996 	1484 	-1.28268e-05 	0
0.330308 	1484 	-1.26427e-05 	0
0.332669 	1484 	-1.23466e-05 	0
0.33508 	1484 	-1.19365e-05 	0
0.337542 	1484 	-1.14182e-05 	0
0.340057 	1484 	-1.07897e-05 	0
0.342457 	1484 	-1.01076e-05 	0
0.343757 	1484 	-9.70921e-06 	0
0.345282 	1484 	-9.21401e-06 	0
0.348019 	1484 	-8.26616e-06 	0
0.350819 	1484 	-7.21851e-06 	0
0.35368 	1484 	-6.07768e-06 	0
0.356603 	1484 	-4.84119e-06 	0
0.359592 	1484 	-3.51426e-06 	0
0.362645 	1484 	-2.66158e-06 	0
0.365765 	1484 	-2.13972e-06 	0
0.368952 	1484 	-1.59197e-06 	0
0.372208 	1484 	-1.01939e-06 	0
0.375533 	1484 	-4.23119e-07 	0
0.377533 	1484 	-5.89908e-08 	0
