4.96314e-06 	28.4079 	-0.00802146 	0
1.48429e-05 	83.3873 	-0.0219026 	0
2.46948e-05 	136.582 	-0.033673 	0
3.46404e-05 	188.821 	-0.0459637 	0
4.47862e-05 	240.534 	-0.0582725 	0
5.52311e-05 	291.615 	-0.0707754 	0
6.60699e-05 	341.464 	-0.0835036 	0
7.73965e-05 	389.26 	-0.0964267 	0
8.93058e-05 	434.332 	-0.109476 	0
0.000101896 	476.363 	-0.12258 	0
0.000115268 	515.397 	-0.135357 	0
0.00012953 	551.791 	-0.147354 	0
0.000144795 	585.899 	-0.158071 	0
0.000161185 	617.911 	-0.166964 	0
0.000178829 	647.993 	-0.173554 	0
0.000197868 	676.319 	-0.177211 	0
0.00021845 	703.057 	-0.17781 	0
0.000240738 	728.365 	-0.173948 	0
0.000264909 	752.386 	-0.165332 	0
0.000291153 	775.257 	-0.152385 	0
0.000319676 	797.121 	-0.134212 	0
0.000350703 	818.142 	-0.11093 	0
0.000384479 	838.457 	-0.0826503 	0
0.000421271 	858.153 	-0.0496195 	0
0.000461366 	877.299 	-0.0122377 	0
0.000505082 	895.952 	0.028915 	0
0.000552762 	914.166 	0.0731658 	0
0.000604783 	931.988 	0.119697 	0
0.000661554 	949.461 	0.167456 	0
0.000723523 	966.622 	0.215303 	0
0.000791177 	983.509 	0.26202 	0
0.00086505 	1000.15 	0.306402 	0
0.000945722 	1016.58 	0.348029 	0
0.00103383 	1032.84 	0.385369 	0
0.00113007 	1048.94 	0.417464 	0
0.0012352 	1064.9 	0.444152 	0
0.00135004 	1080.78 	0.465162 	0
0.0014755 	1096.58 	0.48057 	0
0.00161258 	1112.35 	0.490953 	0
0.00176234 	1128.1 	0.497522 	0
0.00192597 	1143.86 	0.502155 	0
0.00210476 	1159.69 	0.507537 	0
0.00230012 	1175.6 	0.517223 	0
0.00251358 	1191.64 	0.535525 	0
0.00274683 	1207.84 	0.567517 	0
0.00300171 	1224.27 	0.619774 	0
0.00328023 	1241.03 	0.699273 	0
0.00358457 	1258.28 	0.815209 	0
0.00391714 	1276.14 	0.977915 	0
0.00428056 	1294.76 	1.19935 	0
0.00467769 	1314.27 	1.48947 	0
0.00511167 	1334.78 	1.86309 	0
0.00558591 	1356.22 	2.33389 	0
0.00610416 	1378.17 	2.91416 	0
0.0066705 	1399.95 	3.60688 	0
0.0072894 	1421.15 	4.42852 	0
0.00796574 	1441.87 	5.48616 	0
0.00855799 	1457.57 	6.62716 	0
0.00894392 	1466.33 	7.47245 	0
0.00951253 	1474.89 	8.79023 	0
0.0103952 	1481.14 	10.6977 	0
0.0113598 	1482.33 	12.0432 	0
0.0124139 	1482.4 	12.2741 	0
0.013566 	1482.39 	12.3158 	0
0.0148251 	1482.4 	12.5226 	0
0.0162011 	1482.42 	12.6919 	0
0.017705 	1482.43 	12.8061 	0
0.0193486 	1482.44 	12.7784 	0
0.0202967 	1482.45 	12.7369 	0
0.0212348 	1482.45 	12.6774 	0
0.0231084 	1482.46 	12.5863 	0
0.0252543 	1482.46 	12.7183 	0
0.0276001 	1482.46 	13.1401 	0
0.0301448 	1482.52 	13.523 	0
0.031484 	1482.53 	13.7313 	0
0.0329673 	1482.51 	13.9051 	0
0.0360314 	1482.5 	14.0858 	0
0.0393815 	1482.49 	13.9507 	0
0.041589 	1482.43 	13.8329 	0
0.0435022 	1482.39 	13.7156 	0
0.0470499 	1482.39 	13.4764 	0
0.0506434 	1482.33 	13.6676 	0
0.0529317 	1482.32 	13.8563 	0
0.0562215 	1482.33 	14.195 	0
0.0602482 	1482.33 	14.8605 	0
0.0629866 	1482.33 	15.2563 	0
0.0671978 	1482.33 	15.7357 	0
0.07057 	1482.28 	15.6186 	0
0.0738498 	1482.27 	15.058 	0
0.078218 	1482.48 	12.4057 	0
0.0818093 	1482.75 	9.92716 	0
0.0859665 	1483.19 	6.72025 	0
0.0899001 	1483.52 	4.17374 	0
0.0938543 	1483.77 	1.98245 	0
0.098165 	1483.92 	0.571129 	0
0.101925 	1483.97 	0.283642 	0
0.106651 	1484 	0.0224396 	0
0.110224 	1484 	0.0134946 	0
0.113967 	1484 	0.00335538 	0
0.118805 	1484 	0.00013749 	0
0.122029 	1484 	8.13762e-05 	0
0.126872 	1484 	-8.094e-07 	0
0.130784 	1484 	-5.32175e-07 	0
0.133691 	1484 	-3.463e-07 	0
0.138506 	1484 	-1.09209e-07 	0
0.142708 	1484 	-7.00093e-08 	0
0.145325 	1484 	-4.77768e-08 	0
0.148982 	1484 	-2.02684e-08 	0
0.15382 	1484 	-5.38697e-09 	0
0.15705 	1484 	-4.08255e-09 	0
0.159283 	1484 	-3.11255e-09 	0
0.16276 	1484 	-1.48713e-09 	0
0.166887 	1484 	-9.49053e-11 	0
0.1708 	1484 	-6.36235e-11 	0
0.172904 	1484 	-4.92798e-11 	0
0.174709 	1484 	-3.84356e-11 	0
0.178025 	1484 	-2.04555e-11 	0
0.181359 	1484 	-3.77773e-12 	0
0.184518 	1484 	-1.67037e-12 	0
0.187512 	1484 	-4.90058e-13 	0
0.189414 	1484 	4.61817e-14 	0
0.190794 	1484 	2.97403e-13 	0
0.193039 	1484 	7.53612e-13 	0
0.195586 	1484 	1.15194e-12 	0
0.197999 	1484 	1.06536e-12 	0
0.200286 	1484 	8.56343e-13 	0
0.202452 	1484 	6.73779e-13 	0
0.204504 	1484 	8.43218e-13 	0
0.206447 	1484 	8.94443e-13 	0
0.207887 	1484 	9.44364e-13 	0
0.208782 	1484 	9.47572e-13 	0
0.21003 	1484 	9.18372e-13 	0
0.21168 	1484 	8.86263e-13 	0
0.213242 	1484 	8.40919e-13 	0
0.214721 	1484 	7.15211e-13 	0
0.216122 	1484 	7.12271e-13 	0
0.217447 	1484 	3.7539e-13 	0
0.218702 	1484 	9.9746e-14 	0
0.219889 	1484 	7.23975e-14 	0
0.221014 	1484 	8.00111e-14 	0
0.222078 	1484 	9.17558e-14 	0
0.223085 	1484 	1.97993e-13 	0
0.224038 	1484 	1.43693e-13 	0
0.22494 	1484 	1.33755e-13 	0
0.225793 	1484 	1.63797e-13 	0
0.2266 	1484 	1.12009e-13 	0
0.227363 	1484 	-2.04782e-14 	0
0.228086 	1484 	6.48999e-14 	0
0.228681 	1484 	1.14514e-13 	0
0.229013 	1484 	9.49392e-14 	0
0.229416 	1484 	3.45067e-14 	0
0.230028 	1484 	-7.82278e-14 	0
0.230607 	1484 	-1.87097e-13 	0
0.231154 	1484 	-2.76328e-13 	0
0.231672 	1484 	-3.64626e-13 	0
0.232161 	1484 	-4.52952e-13 	0
0.232625 	1484 	-5.21728e-13 	0
0.233063 	1484 	-6.21468e-13 	0
0.233478 	1484 	-6.25742e-13 	0
0.23387 	1484 	-6.12141e-13 	0
0.234241 	1484 	-5.69998e-13 	0
0.234591 	1484 	-5.13126e-13 	0
0.234924 	1484 	-4.29069e-13 	0
0.235237 	1484 	-5.02269e-13 	0
0.235535 	1484 	-3.84871e-13 	0
0.235816 	1484 	-3.74028e-13 	0
0.236082 	1484 	-3.61232e-13 	0
0.236335 	1484 	-3.81251e-13 	0
0.236575 	1484 	-4.36052e-13 	0
0.236811 	1484 	-3.7796e-13 	0
0.237052 	1484 	-4.39094e-13 	0
0.237298 	1484 	-4.91534e-13 	0
0.237548 	1484 	-5.23494e-13 	0
0.237805 	1484 	-5.46883e-13 	0
0.238067 	1484 	-5.27196e-13 	0
0.238335 	1484 	-5.4785e-13 	0
0.23861 	1484 	-6.68907e-13 	0
0.238891 	1484 	-8.0031e-13 	0
0.239179 	1484 	-1.02842e-12 	0
0.239474 	1484 	-1.18687e-12 	0
0.239775 	1484 	-9.46042e-13 	0
0.240085 	1484 	-9.22146e-13 	0
0.240402 	1484 	-1.41388e-12 	0
0.240727 	1484 	-1.31852e-12 	0
0.241058 	1484 	-1.29531e-12 	0
0.241398 	1484 	-1.58637e-12 	0
0.241747 	1484 	-1.73774e-12 	0
0.242104 	1484 	-1.87382e-12 	0
0.242469 	1484 	-1.54061e-12 	0
0.242844 	1484 	-2.16507e-12 	0
0.243227 	1484 	-4.6748e-12 	0
0.24362 	1484 	-7.4671e-12 	0
0.244022 	1484 	-1.10598e-11 	0
0.244434 	1484 	-1.68559e-11 	0
0.244855 	1484 	-2.04748e-11 	0
0.245287 	1484 	-2.03061e-11 	0
0.245728 	1484 	-1.23531e-11 	0
0.246182 	1484 	2.307e-11 	0
0.246646 	1484 	1.1487e-10 	0
0.24712 	1484 	3.07329e-10 	0
0.247605 	1484 	6.69495e-10 	0
0.248102 	1484 	1.30569e-09 	0
0.248612 	1484 	2.36402e-09 	0
0.249133 	1484 	4.04977e-09 	0
0.249667 	1484 	6.63927e-09 	0
0.250213 	1484 	1.04883e-08 	0
0.250772 	1484 	1.60464e-08 	0
0.251345 	1484 	2.38626e-08 	0
0.251931 	1484 	3.46055e-08 	0
0.252531 	1484 	4.90334e-08 	0
0.253145 	1484 	6.80244e-08 	0
0.253587 	1484 	8.44764e-08 	0
0.253906 	1484 	9.82051e-08 	0
0.254418 	1484 	1.23438e-07 	0
0.255076 	1484 	1.61911e-07 	0
0.25575 	1484 	2.09034e-07 	0
0.25644 	1484 	2.6582e-07 	0
0.257146 	1484 	3.33251e-07 	0
0.257868 	1484 	4.12157e-07 	0
0.258608 	1484 	5.03019e-07 	0
0.259364 	1484 	6.06184e-07 	0
0.260139 	1484 	7.21619e-07 	0
0.260931 	1484 	8.48866e-07 	0
0.261741 	1484 	9.87035e-07 	0
0.262571 	1484 	1.13448e-06 	0
0.263419 	1484 	1.28922e-06 	0
0.264287 	1484 	1.44875e-06 	0
0.265176 	1484 	1.60966e-06 	0
0.266085 	1484 	1.76786e-06 	0
0.267014 	1484 	1.91826e-06 	0
0.267965 	1484 	2.0614e-06 	0
0.268938 	1484 	2.19733e-06 	0
0.269932 	1484 	2.31015e-06 	0
0.27095 	1484 	2.3925e-06 	0
0.271991 	1484 	2.43611e-06 	0
0.273056 	1484 	2.43953e-06 	0
0.274145 	1484 	2.4031e-06 	0
0.275258 	1484 	2.32956e-06 	0
0.276397 	1484 	2.18939e-06 	0
0.277562 	1484 	1.97652e-06 	0
0.278752 	1484 	1.68871e-06 	0
0.279969 	1484 	1.32148e-06 	0
0.281073 	1484 	9.24734e-07 	0
0.281704 	1484 	6.78536e-07 	0
0.282492 	1484 	3.32566e-07 	0
0.283802 	1484 	-2.9608e-07 	0
0.285142 	1484 	-1.02034e-06 	0
0.286512 	1484 	-1.84085e-06 	0
0.287913 	1484 	-2.75386e-06 	0
0.289346 	1484 	-3.75271e-06 	0
0.290812 	1484 	-4.82879e-06 	0
0.29231 	1484 	-5.97234e-06 	0
0.293842 	1484 	-7.17077e-06 	0
0.295409 	1484 	-8.41184e-06 	0
0.29701 	1484 	-9.6314e-06 	0
0.298648 	1484 	-1.07137e-05 	0
0.300322 	1484 	-1.17629e-05 	0
0.302032 	1484 	-1.27596e-05 	0
0.303782 	1484 	-1.36824e-05 	0
0.305569 	1484 	-1.45118e-05 	0
0.307397 	1484 	-1.5227e-05 	0
0.309265 	1484 	-1.58077e-05 	0
0.310844 	1484 	-1.61803e-05 	0
0.311808 	1484 	-1.63495e-05 	0
0.313121 	1484 	-1.65057e-05 	0
0.315112 	1484 	-1.65901e-05 	0
0.317146 	1484 	-1.64747e-05 	0
0.319224 	1484 	-1.61462e-05 	0
0.321348 	1484 	-1.55999e-05 	0
0.323518 	1484 	-1.48244e-05 	0
0.325733 	1484 	-1.38146e-05 	0
0.327996 	1484 	-1.27812e-05 	0
0.330308 	1484 	-1.26004e-05 	0
0.332669 	1484 	-1.23077e-05 	0
0.33508 	1484 	-1.1901e-05 	0
0.337542 	1484 	-1.13861e-05 	0
0.340057 	1484 	-1.0761e-05 	0
0.342457 	1484 	-1.0082e-05 	0
0.343757 	1484 	-9.68527e-06 	0
0.345282 	1484 	-9.19185e-06 	0
0.348019 	1484 	-8.24713e-06 	0
0.350819 	1484 	-7.20266e-06 	0
0.35368 	1484 	-6.06489e-06 	0
0.356603 	1484 	-4.83178e-06 	0
0.359592 	1484 	-3.50825e-06 	0
0.362645 	1484 	-2.65727e-06 	0
0.365765 	1484 	-2.13629e-06 	0
0.368952 	1484 	-1.58972e-06 	0
0.372208 	1484 	-1.018e-06 	0
0.375533 	1484 	-4.22477e-07 	0
0.377533 	1484 	-5.8898e-08 	0
