3.151716565612776022e-01 2.842732834171323719e-01 2.059880000000000004e-05 2.553749971949665189e-04 6.699337646852561445e-02 1.594038222047429801e-02 2.179409999991822362e-11 0.000000000000000000e+00 3.872706253096642320e-02 8.081141390035237460e-02
9.626593548622351948e-01 5.421200375668706606e-01 9.915650000000000297e-01 1.356312500003805407e-10 5.020482063457459929e-05 3.823136417689046852e-04 8.214892213000000371e-19 8.830518476888553348e-02 2.087647801886329240e-03 2.938950107263782474e-01
9.174484584639133189e-01 1.554375969655931167e-01 2.736100000000000199e-01 4.839575000013579136e-11 2.700424384440834014e-05 1.135659241363869501e-04 7.866888221300000800e-18 4.732309901837916111e-01 4.867452562792088516e-02 2.416088705855999261e-02
7.230188136482514905e-01 5.058244215791576903e-02 1.996529999999999941e-04 1.241422500003483114e-10 4.999877532782415093e-05 5.940709945030027856e-05 4.968859182213000170e-16 1.969754121493826338e-01 9.711560350484080284e-02 2.558585841180677136e-03
3.140341672220747782e-01 1.610020599513291208e-03 2.652549999999999870e-05 7.808355000021908415e-11 3.796706007955518602e-05 9.200726612111939884e-06 4.348559991822130448e-14 3.717407778266860752e-01 9.545513384188936135e-03 2.592156389733692761e-06
7.898308655655742472e-01 3.911396148876886136e-02 2.211560000000000002e-03 2.184155000006128120e-11 1.402650826746682517e-05 3.040548891816922651e-05 7.344751822130000372e-17 6.033727624911344734e-01 1.636424098235527824e-03 1.529904625696783781e-03
3.983542362614990173e-01 8.289897936416514707e-03 1.205690000000000039e-04 1.835705000005150332e-11 1.180138528780666154e-05 6.043100461564640295e-06 7.302799918221300369e-15 6.376658342456150708e-01 6.229885775756250688e-05 6.872248403966606603e-05
1.002545423605891856e-01 4.670226179542659933e-05 3.662909999999999799e-05 3.587685000010066456e-11 2.301494888919066825e-05 2.376405704221268898e-06 9.202629999182212751e-13 5.757402046730468737e-01 4.617132297474032740e-04 2.181103481549767999e-09
2.910058322917320750e-02 4.076462072508211555e-03 4.246480000000000041e-05 1.489272500004178542e-10 5.360799881912678297e-05 2.270859668283930057e-06 6.300069999918221638e-12 6.793514214681205254e-02 5.056621122781018935e-05 1.661757230612824932e-05
8.549088286594643676e-03 1.729186448944858680e-03 4.778100000000000213e-05 1.303425000003657055e-11 1.114831938618896656e-05 3.542463739030019836e-07 8.777329999991822828e-11 7.483610658632107171e-01 3.955738663500466207e-11 2.990105023735881132e-06
8.776494993223683538e-01 8.633852731640748179e-02 3.647960000000000005e-03 2.971922500008338271e-10 9.105751300810357345e-05 2.244777475022117932e-04 1.112359182212999775e-16 1.204502520289025755e-02 9.851048729428253854e-05 7.454359045050788432e-03
6.894593329835443374e-01 3.044732595486786549e-05 6.539609999999999954e-04 7.409450000020788666e-12 6.956971122091289518e-06 1.330566401672068300e-05 1.852049918221300298e-15 8.173367101871591434e-01 1.758334709618672106e-04 9.270433966002981091e-10
1.943941932334071476e-01 3.693767739190444242e-03 7.053819999999999492e-05 7.185990000020162688e-12 6.839747767958192553e-06 2.178797157164703822e-06 4.315079999182213044e-13 8.211147180922250266e-01 2.280793454535715318e-06 1.364395316578931483e-05
2.943808229223853212e-01 2.087099100781951064e-04 3.231950000000000117e-05 2.796312500007845606e-10 8.826748074646465099e-05 1.994494227360055712e-05 1.737749999182213110e-13 4.753009945150475646e-02 3.737851120147478272e-03 4.355986525256528082e-08
1.066413981293719455e-02 2.192919371325684978e-04 4.758030000000000251e-05 9.945225000027904062e-11 4.930537361439052706e-05 1.037917731712678163e-06 2.089929999999182062e-10 4.478109369951265295e-01 1.035499234487776344e-05 4.808906770972438632e-08
4.966077900293944247e-01 4.698951344676037534e-02 9.445429999999999790e-06 4.975420000013958893e-12 4.862170239576611691e-06 5.292330308844995372e-06 4.258489991822130308e-14 8.649453098029168396e-01 2.515075903996286111e-02 2.208014198450921391e-03
8.448223470568096789e-04 6.782646596410393108e-04 4.580280000000000131e-05 1.687232500004733949e-10 6.661026854964706629e-05 4.030398793385478713e-07 4.251159999999918140e-09 2.660755567338340954e-01 6.322550695656442659e-08 4.600453178712661889e-07
8.111534729382879894e-01 1.132693036119197111e-02 3.093659999999999786e-05 3.783240000010615158e-12 3.227239195074672919e-06 2.282901205084149311e-05 6.849669182213000256e-16 8.622983042643489471e-01 7.064718144201970196e-01 1.283004075162187967e-04
6.434330501933631652e-01 9.690592197091162444e-03 9.279299999999999400e-06 2.870232500008053217e-10 8.922971856648587705e-05 5.903396162807680495e-05 3.468659918221299957e-15 2.491505213200595134e-02 4.707922493561216698e-02 9.390793407369753363e-05
9.268745277342792521e-01 1.697669712488908758e-02 1.287490000000000069e-08 1.723432500004835630e-10 6.463797210178158319e-05 2.709598584229305361e-04 1.486821822129999989e-17 1.848503867791007615e-01 3.093861172238018277e-04 2.882087379059007463e-04
5.055041113706392197e-01 5.179091234569822566e-01 3.988420000000000008e-05 2.599029999726717305e-02 2.741425122134554249e-01 1.336849349700833522e-01 1.000000000000000000e+00 4.035008442811326319e-03 2.779340543580632872e-01 2.682301045068019585e-01
9.611237948994290348e-02 1.709967154932208466e-01 4.942720000000000002e-05 3.441690000009656414e-12 1.704146465911849825e-06 9.541419702212506095e-07 2.632669991822129933e-14 7.403990492035665838e-01 1.959849665004709338e-03 2.923989178850511239e-02
8.917784742044158053e-01 4.885478121448919020e-04 4.084590000000000181e-08 1.235445000003466538e-11 9.672548465115344795e-06 4.950185866638311989e-05 2.522001822130000054e-17 7.187450038948587361e-01 1.528444470234295802e-05 2.386800093048100438e-07
6.798063735867481139e-01 2.895108523632364001e-04 2.373959999999999799e-06 1.693372500004751208e-10 4.570592220120824403e-05 4.123893929598882195e-05 1.671709991822129717e-14 4.210858810758867921e-01 1.352189186414501408e-03 8.381652293032592075e-08
3.900899659867390970e-03 5.776518630365861813e-07 4.355670000000000261e-05 3.577560000010038001e-12 1.796087166865477594e-06 1.199631075191147475e-07 9.024069999999181756e-10 8.424652627658911763e-01 1.295929617511705863e-06 3.336816893399615539e-13
5.331087391188964880e-02 5.461911655588590903e-02 4.906139999999999753e-05 1.990919999725011130e-02 1.717085200501262260e-02 1.036452334803353217e-03 1.000000000000000000e+00 9.988275849368504211e-01 3.091182995362290031e-03 2.983255649656669367e-03
8.709815631514227939e-05 4.570373022420779816e-08 4.572989999999999732e-05 3.882070000010892124e-12 2.092160342256625133e-06 1.431093564162757404e-08 1.921249999999999287e-07 8.290257346451569420e-01 5.763659817973245323e-09 2.088830781690201465e-15
8.554730152684900668e-01 2.072362925027111235e-03 4.663470000000000115e-02 2.934242500008232684e-10 6.920693841443643663e-05 1.487387286159135458e-04 2.166469918221299992e-15 3.295056894544096115e-01 2.073332946485562223e-08 4.294695396703684867e-06
9.486488895551535658e-04 1.050575177845923904e-04 4.440550000000000031e-05 9.739250000027326168e-12 6.596173522894478580e-06 8.560399630812570676e-08 3.161049999999991767e-08 8.358617489487649710e-01 2.884592894796748525e-09 1.103709862237117560e-08
2.289584730294491263e-02 1.797315317839593402e-05 3.988780000000000120e-05 4.342070000012183845e-12 2.526622777156446579e-06 3.430311712287695514e-07 6.213759999918221777e-12 7.789601298883862546e-01 3.732548329933536575e-05 3.230345742618614312e-10
1.471635695489140749e-01 3.051644069467577755e-02 6.607779999999999947e-05 2.351412500006597407e-10 6.215752759165770727e-05 7.968622714062369841e-06 2.098819999918221541e-12 2.308504830292421872e-01 2.843451634357437984e-03 9.312521000439393133e-04
7.904811488743616055e-01 8.079481950779097144e-01 6.053830000000000279e-05 4.816075000013513249e-11 2.343161366691809611e-05 5.127016676492522184e-05 2.166432213000000085e-19 8.750018308450400453e-04 6.655046354778090256e-01 6.527798120083743161e-01
8.722416136749920890e-01 9.117240806753734326e-04 1.883869999999999989e-01 8.645192500024256011e-10 1.628970492681633701e-04 3.721335805312294483e-04 4.191379918221299994e-15 1.374652876309931382e-01 1.248530350439444039e-03 8.312426229225718809e-07
9.911320399245590710e-06 1.021151601002474970e-06 4.548369999999999958e-05 1.424584250003996902e-09 2.158660789281523944e-04 1.216162438431688127e-07 5.091899999999999682e-04 1.464503064311568729e-02 2.435547441671539474e-12 1.042750432932135209e-12
9.109638576183425318e-01 3.879941677952294388e-01 9.802769999999999539e-01 2.454070000006885898e-12 1.904058234267599325e-06 3.635935466346169387e-05 2.795701822130000069e-17 8.692818188765850662e-01 2.104922042734775852e-04 1.505397651397013814e-01
5.599020320846948527e-05 1.643332658790076856e-06 4.563600000000000149e-05 1.666222500004675206e-10 6.780516499555502537e-05 9.442306425947265333e-08 1.865579999999999848e-05 6.150722869711024998e-01 2.352805167095918944e-11 2.700557427047704270e-12
8.201166458346417221e-01 6.127011306382735417e-02 2.648920000000000094e-02 8.634000000024226098e-13 1.314261340565304291e-06 1.684429337896868820e-05 1.501129918221299913e-15 9.218644288999124914e-01 2.615815527176799804e-08 3.754038546037270861e-03
1.431828633128794659e-01 1.466695723914633875e-01 4.717589999999999669e-05 4.461319999984459383e-01 3.193768380829065112e-01 3.899201288425698658e-02 1.000000000000000000e+00 1.211252534412690929e-01 2.229805430449978074e-02 2.151194548070544180e-02
5.566810026112622989e-01 5.466124956543847446e-01 7.025629999999999343e-05 8.435250000023666765e-12 5.699907626013420153e-06 8.607076977758915218e-06 1.079711822130000004e-17 5.089870649994449048e-01 1.496226002419286383e-01 2.987860669084768106e-01
6.887725851901522068e-05 1.831976463629146643e-07 4.566199999999999751e-05 1.419725000003983302e-11 1.463570377582080642e-05 3.368647989848872163e-08 6.499229999999999944e-06 8.620518037485737084e-01 3.829636705306807048e-12 3.356163144336558429e-14
1.668726234778609985e-01 1.488115066701950484e-02 7.335389999999999576e-05 1.567800000004399591e-13 2.735558124031849011e-07 1.164761182371404527e-06 3.201519999918221275e-12 9.296189451253846769e-01 5.108443845326358188e-07 2.214480179892994605e-04
6.562563939460851481e-01 1.166430576526932411e-01 8.424259999999999604e-04 5.994000000016841997e-14 8.376958031256704262e-08 6.903564706814974382e-06 8.486459918221300358e-15 9.241479336778950504e-01 5.299085402596938842e-06 1.360561390207548974e-02
1.110211878913601458e-03 9.860172371745977264e-04 4.549579999999999900e-05 9.785109999999397346e-01 3.437342625892780279e-01 2.384917179321457709e-03 1.000000000000000000e+00 3.666507671763982040e-02 1.340583753286346224e-06 9.722320343933349273e-07
1.524782681800778512e-03 3.620014217296327143e-06 4.683570000000000289e-05 5.305000000014890400e-14 9.406144982230170131e-08 6.444563043642519091e-08 1.432809999999991871e-08 9.296314451515395039e-01 8.149379778871861312e-08 1.310453264868311031e-11
7.247579669834348925e-02 5.231913160338931730e-03 5.921590000000000339e-05 1.957000000005499513e-14 3.734181341309750622e-08 6.012856165783578932e-07 1.064849999991822071e-11 9.237079327572415011e-01 9.981208125588642133e-06 2.737298503476380353e-05
6.248594597989185799e-06 1.182048847309350639e-10 4.540360000000000012e-05 7.024342500019708956e-10 1.487499909816713921e-04 8.002612427052164173e-08 1.358629999999999994e-03 3.364807040488603795e-01 4.197087036284832328e-11 1.397242157682068419e-20
1.291187141812406351e-05 1.118932353688973230e-05 4.588719999999999664e-05 9.995929999999988436e-01 2.089606719851372085e-01 1.517022950082279483e-04 1.000000000000000000e+00 8.727483261298700778e-01 1.810438640735962853e-10 1.252022503855465163e-10
2.298376722693672245e-03 2.354778620092049402e-03 4.217399999999999974e-05 1.674939999976642058e-01 9.571585058891603909e-03 9.710900118911316081e-05 1.000000000000000000e+00 9.994096911548436823e-01 5.745582124062079519e-06 5.544977556453488484e-06
6.378256227830100171e-04 1.088059027723727801e-07 4.625909999999999896e-05 3.266400000009168049e-13 5.871355617886700410e-07 4.495688075244528588e-08 5.487029999999918340e-09 8.946278719104129307e-01 1.621229908093896754e-10 1.183882001223410078e-14
9.553077096049478743e-05 9.778895098146044202e-05 1.954240000000000046e-04 4.656949999985008914e-01 4.663631593738357638e-03 9.285654091348248597e-06 1.000000000000000000e+00 9.998277105295032552e-01 9.907558261506116152e-09 9.562717004540402772e-09
1.181327752916652345e-05 3.123363584003984899e-11 4.551079999999999801e-05 5.549900000015573664e-13 9.717188149635355606e-07 6.093897709850464100e-09 6.846999999999998776e-07 8.683818169934300890e-01 1.167609236139318663e-12 9.755404113070672624e-22
5.448523289663737072e-05 7.305697814998729034e-09 4.556719999999999971e-05 2.505934250007031407e-09 2.894207188566121796e-04 4.028774215916074424e-07 2.186579999999999926e-04 4.225508841412448785e-02 5.775354523663924548e-10 5.337342442857265192e-17
3.347439686729561685e-04 3.357648023328818881e-04 4.536440000000000226e-05 1.322170000003709802e-12 2.163247012668308743e-06 4.549182087248611875e-08 1.666489999999182178e-10 7.961976659560343617e-01 1.149598496650047065e-07 1.127381126743574817e-07
4.004985505367369665e-04 6.609922012421973170e-09 4.600849999999999835e-05 8.498875000023845837e-11 4.600781704016045786e-05 1.932601102439103900e-07 6.395210000000000049e-06 8.099646947620277038e-01 2.191877982261541760e-09 4.369125261697782669e-17
5.375847546041476362e-04 1.307845975830596358e-08 4.611190000000000145e-05 1.212574250003402185e-09 1.984530673839047089e-04 8.161043848958200631e-07 3.114910000000000302e-05 5.070045608512729896e-01 5.861636455343632501e-11 1.710469634441582011e-16
1.025148339549177435e-03 8.615868370666708322e-10 4.643040000000000188e-05 8.268664250023198252e-09 5.339846467257080773e-04 2.913892712283293550e-06 5.524770000000000299e-05 2.181504564558338702e-02 3.896144764387389396e-09 7.423343011484547916e-19
5.756131604376548195e-06 6.176688822818241435e-06 4.540440000000000188e-05 5.487850000015397239e-12 7.236369389711111793e-06 8.350515405104075793e-09 1.099879999999991946e-08 7.108464873680816476e-01 3.576776635584936356e-11 3.815153055510084663e-11
2.839742641770877579e-06 3.454937916076441234e-10 4.529499999999999916e-05 1.030950000002893077e-12 1.721528289972736420e-06 3.317078136266936245e-09 3.495830000000000037e-05 9.058558954038170574e-01 4.653912593234032402e-14 1.193660667361655316e-19
7.768181090733767303e-07 3.171775034635185565e-13 4.554280000000000042e-05 2.834485000007952963e-11 2.362559981343491126e-05 4.487630679877710726e-09 1.753709999999991621e-08 4.470809354676786307e-01 6.230912410225278945e-14 1.006017972068338653e-25
1.837141508535728015e-09 7.329680422160302601e-09 4.539530000000000225e-05 1.155370000003242234e-12 1.910150189351139612e-06 8.791814113598696577e-11 2.996340000000000114e-01 9.127839098999253054e-01 1.289037775684831998e-19 5.372407791916876699e-17
1.924281497717931014e-03 9.921296368362884473e-08 4.746329999999999668e-05 3.909474250010968678e-09 3.644889913109480395e-04 2.663183422696507120e-06 1.664050000000000102e-05 3.291156886383758140e-01 1.965982690050126559e-07 9.843239797017291099e-15
4.936146635847424702e-08 3.112975617855519051e-14 4.544780000000000217e-05 3.938345000011050472e-11 2.913892312231629696e-05 1.301492492475444015e-09 4.740489999999999060e-07 3.566607462733789036e-01 3.145822267255269998e-16 9.690615065176747794e-28
1.587086305357645525e-09 1.586214411355626885e-15 4.541159999999999733e-05 6.041805000016951571e-11 3.791819968895341383e-05 2.782956798308941411e-10 2.670910000000000149e-05 2.125054446442673772e-01 5.032026531805581557e-19 2.516076644065167864e-30
3.126545942211883058e-11 1.993399853675999813e-12 4.540659999999999992e-05 1.086622500003048768e-10 5.363315672237279740e-05 5.314703333333333200e-11 2.348419999999999935e-03 3.270006842129611485e-03 1.301210089585016402e-22 3.973653602598454387e-24
1.948459476815676901e-10 6.963206259761419578e-11 4.541000000000000060e-05 1.076532500003020501e-10 5.334456854298873268e-05 1.678309664026143230e-10 1.168769999999999992e-04 2.712005674573556707e-02 1.823807206973972267e-20 4.848624525066985704e-21
8.057881291896173276e-05 3.115663413292653085e-10 4.606570000000000180e-05 7.721544250021664588e-09 5.183181342497790792e-04 7.754244032483955105e-07 2.355190000000000061e-03 2.001404187718108241e-01 2.269513866260774129e-11 9.707329261042999308e-20
1.788562711823204015e-07 1.960253835816171615e-09 4.549780000000000339e-05 9.052350000025398539e-12 1.067732601244347951e-05 1.548587448326263660e-09 4.627459999999999907e-05 8.065336875830225738e-01 3.438721081269277391e-15 3.842602245216207966e-18
1.304537194787199380e-05 1.073281341614649124e-09 4.567930000000000156e-05 3.659644250010268310e-09 3.538374261597622850e-04 2.210357031912778564e-07 2.914639999999999939e-02 4.494659404580391704e-01 1.143286926479581062e-12 1.151944102215061654e-18
1.209162309498390554e-05 2.918520363423151431e-10 4.866939999999999857e-05 3.520775000009878397e-11 2.712275628118710182e-05 2.129287333650664535e-08 1.603319999999918317e-09 6.060017679920393086e-01 9.334696227787870228e-16 8.517778218128871018e-20
2.268151716565612768e-09 3.222044073618613265e-11 4.566889999999999909e-05 2.481462500006962381e-10 8.548576514705580733e-05 7.488084283163384433e-10 4.595419999999999787e-06 5.246510977747103482e-02 1.783246218191069848e-22 1.038162644633795432e-21
1.535904349605271833e-07 1.202534207126290015e-08 4.537169999999999794e-05 1.283969425003602584e-08 6.713738276012118020e-04 4.954352644474002687e-08 1.000000000000000000e+00 1.178902466723732861e-01 7.633473640044099596e-15 1.446105333896216893e-16
4.882128553514670925e-07 6.826273978715565928e-10 4.531929999999999824e-05 2.512792500007050201e-10 8.582113455148413471e-05 1.126726400291113050e-08 9.561779999999999724e-01 8.550102890149787749e-01 2.204492195346221242e-15 4.659814420732494741e-19
1.318403827960561527e-08 5.952481021984919683e-12 4.544510000000000303e-05 2.282935000006405465e-11 2.041245736084024072e-05 6.511980085479929108e-10 3.072360000000000022e-02 8.746078300206774347e-01 6.134855132949164283e-17 3.543207057870748837e-23
1.274484382058663366e-08 1.572443351338447729e-12 4.817880000000000025e-05 1.086364250003048233e-09 1.888766387425136462e-04 3.690520274154704830e-09 4.177159999999999005e-07 8.049516842728544896e-02 2.420339860645530153e-22 2.472585272553395019e-24
4.164821496218834438e-10 3.061502778599320549e-13 5.115339999999999715e-05 1.906419425005348986e-08 8.215353224965737987e-04 2.792990380992911549e-09 9.326050000000000605e-05 8.601017996684048872e-02 4.035918815531640354e-24 9.372829954595972884e-26
3.585846512881079527e-09 1.159799297437254275e-11 4.608760000000000238e-05 1.059694250002973299e-09 1.860416965048322332e-04 1.974058201250035290e-09 9.999339999999999895e-01 9.185434219510707488e-01 1.185843157034901002e-19 1.345139529073223586e-22
1.124645737403039872e-06 1.434556332145099481e-06 4.565969999999999925e-05 1.178491942503306623e-07 2.053474181977345964e-03 4.368268771006572944e-07 9.728229999999999933e-01 3.839408033538975196e-01 1.223016252070007597e-12 2.057961212726912182e-12
4.140157323993023166e-07 4.064330671481868015e-07 5.298079999999999934e-05 1.881249425005278358e-08 8.157947463922554047e-04 1.068171389993997953e-07 1.906499999999999861e-01 9.618081624777811145e-01 1.816210111903156984e-13 1.651879485478465228e-13
5.582216270858192056e-05 5.700149956154687927e-05 6.821789999999999614e-05 1.901499425005335069e-08 8.140212181716888901e-04 1.248658670128551231e-06 9.336690000000000354e-04 9.730853860741309758e-01 3.383653301076180394e-09 3.249179367445226651e-09
1.552667883500023251e-02 1.590604131318005751e-02 3.968680000000000092e-05 2.449869425006873790e-08 7.732487815886802040e-04 2.242680037822896618e-05 3.392400000000000249e-05 9.903101721151010839e-01 2.622095851950382163e-04 2.530025243605096581e-04
9.028099936997474595e-02 9.249409774650664551e-02 1.881819999999999882e-05 4.271769425011985689e-08 7.399696576749813584e-04 6.468018764566156608e-05 1.465039999999999919e-04 9.960491741233314933e-01 8.865077912628941889e-03 8.555169769705951374e-03
2.986137418436038415e-01 3.059406505710268176e-01 7.480199999999999973e-06 1.874811942505260600e-07 7.646160861938484715e-04 1.864738709888266505e-04 8.356689999999999952e-03 9.988711100279219490e-01 9.698615828918061288e-02 9.359992762925500864e-02
2.440841438240305000e-02 2.500729025596322430e-02 9.118950000000000165e-06 2.562407194257189556e-06 1.858938678336924041e-04 7.294821015512784130e-06 1.000000000000000000e+00 9.999891495672967867e-01 6.479938223386733131e-04 6.253693923442090645e-04
