5.119477886161289959e-01
-3.351916493584252699e-01
-4.081137769552210526e-01
6.345978196833591545e-01
-4.787261313922497874e-01
-6.721814711981161095e-01
-5.341261686202140035e-01
-7.211877229815298884e-01
-7.814305883881020875e-01
-3.307371537332510769e-01
-1.575372254380782155e-01
8.716193510496673263e-03
4.586223035698718808e-01
6.551200149271206863e-01
-5.050102543084038498e-01
-4.333364891314751000e-01
-1.464844726995941260e+00
-2.690173417920331822e-01
1.302920880891710875e-01
-1.081701316225511134e+00
-8.806835383011343277e-01
-8.614577008611147557e-02
-1.164046058563161790e-01
7.966216620134551896e-01
-5.756012154703721295e-01
2.389340300414725116e-01
4.055005382199561303e-01
5.541420803731510469e-01
-8.129470764374165936e-01
3.274122825258890274e-03
2.754984905540668327e-01
5.262720061971961627e-01
3.227360316194681777e-01
-2.173252739698425529e-01
-3.128833269170448461e-01
-9.474615806644102189e-01
3.169303895866896759e-01
-5.993918208528804109e-02
-1.700809095155647321e-01
5.364265033454457265e-02
4.150633761758631968e-01
-1.027286106640056040e+00
1.945233567004517328e-01
-7.455712404220668499e-02
-8.485572408375545717e-01
-3.793226506455429359e-01
3.093887532314041483e-02
3.863865437145904691e-01
-8.691322823357834348e-01
1.312497566383710457e-01
-2.842336080684144117e-01
-3.707188744520474866e-01
-7.032304606930165486e-03
-4.097711766273568479e-01
-2.925417478696865081e-01
5.925949660456505397e-01
-4.553536261305377031e-01
4.440302726979042935e-01
-5.443379306819043917e-01
-5.815083256053954486e-01
-2.654934230329700218e-01
-4.374990111562067630e-01
2.464372350863751060e-01
7.674060091535633843e-02
3.984757849434877319e-01
1.927979561837458722e-01
-1.168465682188198906e-01
1.248541244000335726e-01
-1.126747843371374680e+00
1.543531915303361091e-01
-8.029876933362299907e-01
-2.540366281674270033e-01
-2.014971705329628437e-01
-2.497356011735642478e-01
1.952068861219241336e-01
-5.887883041425073793e-01
1.038332037048613488e-01
2.016488648329926581e-01
-1.987375416468781242e-01
-3.273596649235419043e-01
-1.739697302752788999e-01
-7.318396795918503950e-02
-1.074862082831336413e-01
-1.229678809372043990e-01
-4.417707408687026466e-02
-1.464576436470997611e-01
-1.481269338496944143e-01
-6.947091254932979965e-02
-2.312586205480250401e-01
1.771395217285054724e-01
-1.037859768528482524e-02
9.050416150084109046e-02
3.760736811917744782e-01
-9.742687317648275336e-01
-3.689980734509861748e-01
-4.610652060959316012e-01
4.374530688521574007e-01
-1.417111744058877076e-01
-1.205354553473928503e-01
-5.985054900903229447e-01
-6.558635470485764223e-03
1.456147668632210880e-02
1.615798348498750925e-01
4.799999988629788383e-02
-8.954578729437506768e-01
-3.702819240841130344e-01
1.187473334985417600e-01
2.129259662999771485e-01
-9.290075462500217984e-01
2.687938553313282825e-02
-4.319292904255913057e-01
-8.532005463362729580e-02
4.909260035965062330e-01
2.884259712708809875e-01
2.934636626635856449e-01
2.473844562963725402e-01
-1.999763488794053523e-01
4.435004783478547347e-02
6.717739265500435788e-04
-1.686196330181053693e-01
4.495818890669034396e-02
-2.659792294107124477e-01
2.353651167751101836e-01
-5.389195154627883788e-01
-1.343644492788064193e-01
-9.772907043690893802e-01
-3.217551058522377105e-01
4.900832606241196099e-01
-6.060410593384850664e-01
3.811046536005983087e-01
9.318582971136721294e-02
-4.559025705382991484e-02
-6.637178843417799179e-01
7.273166606665689704e-01
7.837990721314456177e-01
6.316459341262290472e-01
-1.137531293745574601e+00
4.733414050595196598e-01
5.938484636838194941e-01
-2.527985894242450460e-01
5.039214289699414095e-01
-1.122097226165047257e+00
-2.494440410875007619e-01
6.732196937765995426e-02
-2.721845657882752678e-01
6.909896946941510576e-01
2.885517734588604055e-01
1.034029857218474069e+00
-8.061681047793346488e-01
-5.655850067879654164e-01
-2.641971829790257797e-01
-3.382886790642241071e-01
-5.973917899347538918e-02
8.172748138949847974e-02
-1.262264335943268957e-02
-1.297027163079308987e-01
-1.290655540628958819e-01
-1.033837248916200380e-01
-1.428297741302479718e-01
7.795085643977378576e-02
4.586170348451757417e-01
3.732026537445739395e-02
7.043487932773868643e-01
3.484459535609897296e-01
5.046649812773673638e-01
1.732590724620883815e-01
-3.473665036813601836e-01
2.639193767787302858e-01
1.566413144404727176e-01
1.219182764193430489e-02
1.502596239860338190e-01
-8.668224043395541534e-01
2.075638848498940481e-01
-7.625764559062625514e-02
-2.504554810747279259e-01
-5.871862635289430699e-02
-4.745118188180589835e-01
2.107489686737920032e-01
-4.702717213434836618e-01
-2.786426702382896470e-03
2.309084302637181840e-01
-2.299731114731941584e-01
8.932725306318488601e-01
1.677931951997937432e-01
-1.831247382971578075e-01
8.048032298889389313e-01
5.165902285546030148e-01
2.725473618125271447e-01
7.920793314633943760e-01
-7.813889734753227956e-02
7.737407207577485790e-01
6.866407179600031441e-01
-6.379919110409743022e-01
7.777714583362161926e-01
6.363070278405748015e-01
7.080226781549993076e-01
-5.421478902220057405e-02
-5.107875468527337537e-01
-9.353397705422039632e-01
-1.627277826227093716e-01
-3.843264157010264914e-02
5.106951189848552008e-01
-1.320655951274671391e+00
5.754706311009761821e-01
-8.220841820256098442e-01
-1.807493866736485932e-01
1.179017459978589366e-01
-4.524743346091521234e-02
-7.740831081525425539e-01
-2.668515098994829193e-01
-5.811949592337793957e-01
-2.190434008573495794e-01
-5.248932531484133690e-02
1.530166527659673759e-01
-2.575422455620470785e-01
3.028687064052979494e-01
-2.208679714478960221e-01
-5.799482566686779972e-01
-3.073920031195755964e-01
-1.221350858498330139e-01
3.959395280593965283e-01
2.402606259098096636e-02
7.197976926240579054e-01
7.960084559903239931e-01
-3.647590552968126010e-02
-9.534461770809642134e-02
-2.279706881004802885e-02
-9.156569312163000129e-02
-9.214902920461295888e-02
-6.259200866532609042e-02
1.489651919983103756e-02
1.778782115946784051e-02
-4.277353201074189371e-01
1.099514003233399151e-01
-3.486480615279388129e-01
-4.061053481397754461e-01
-4.216503529542890427e-01
-3.808107864030647050e-01
-4.862924243199742160e-04
-2.438973648150095652e-01
-1.007915355214363373e+00
9.073822038276695423e-01
3.762419310874532408e-01
2.094919624901466770e-01
-4.340478975573912601e-01
-5.142261586925967604e-02
3.099736099134220435e-01
3.601361247724619297e-01
-2.680340389270358115e-01
-3.054864865613486358e-01
-9.170070122895314091e-01
3.109654702209901367e-01
-4.699789356151875402e-02
-4.803442659985416308e-01
-9.662805410797542516e-01
-1.775955345157623766e-01
-2.578223259657564381e-01
-3.487978801400005158e-01
3.456443295070943944e-01
4.696633364089731755e-01
-3.343420318722105655e-01
-8.616527739084696158e-01
3.700852861699671092e-01
2.205189765044494710e+00
-1.126242939189935566e+00
3.577465356775873517e-01
-8.529327694494553969e-01
3.608621491317791086e-01
7.013686312276982970e-02
2.377865335456824381e-01
-1.403242950485094481e-02
6.595175078995294538e-01
-4.785900918427566375e-01
3.333092048077041514e-01
-3.517386175438908524e-01
5.101836321717097000e-01
6.278271906863488461e-01
3.538241640954590261e-01
-9.462406217422204557e-01
-2.034676182496458208e-01
-2.028131158383010002e-01
-3.046705780652010920e-01
-4.195760374321693131e-01
-2.996137571087524876e-01
-1.625199702423020254e-01
-2.111735302743815990e-01
-5.012148639582242327e-01
4.654365300113468829e-01
3.094500952086536305e-01
-7.550473001247891280e-02
3.796137366236765343e-02
-5.876022154234331607e-01
-3.033445973739180568e-01
-3.651084577182955870e-01
8.082816266541200667e-01
-1.208812072447693620e+00
-4.481918698485672092e-02
-4.422495526771538094e-02
-6.820802040001161526e-02
-3.747808272869101315e-02
-3.577223971674554914e-02
-7.220048060991729466e-02
-1.137006867478327493e-01
-1.046714379905578328e-02
-1.126532755871084007e-01
-3.122365261725091323e-01
-4.368037691071568335e-02
-2.492822441673703815e-01
4.056773485771036913e-01
7.436104801433600364e-02
9.077916355612049293e-02
4.806730501588259985e-01
4.985658329392309018e-04
