2.174674344561334724e-02
7.363679000912045636e-01
3.077822694838930895e-01
-3.030569130893279728e-01
6.146170302024234200e-01
4.984954351493004476e-01
-2.374302907157202491e-01
6.853316841842893581e-01
-1.139509373229276139e-02
9.846061340004889084e-01
-2.926107275691594567e-01
5.289860708759968055e-01
-4.626718169719887253e-01
1.295752648534393980e+00
-1.210044527360683991e-02
6.318195755253207535e-01
1.359026914445086609e+00
8.486405764388904593e-02
2.766358027659885921e-01
-3.709581368667504431e-01
-1.890102198183491178e-01
1.841230965856933965e-01
-6.347051924513543719e-01
3.353346357159129876e-01
8.865879190336514032e-03
2.839710569599787071e-01
2.736843512283872182e-02
-1.410601711179222950e-01
1.352786103945072954e-02
-2.945274674706827370e-02
1.476740432022637106e-01
-6.017982544481536022e-01
-3.203160173772143238e-02
5.049451442907397503e-02
-3.509355990079283116e-01
-7.202751221122507541e-01
5.058329715881147992e-01
-6.150226005745471625e-01
-9.854592317981746286e-01
8.066944622192565584e-01
-5.151521043020635959e-01
1.253058620948023505e-01
-7.972230763058106573e-02
8.777187380674301986e-02
1.116110893939695536e+00
8.866078312782023074e-01
-6.511845317740720673e-02
7.496228545586716141e-01
-1.229306661088522129e-01
1.764249380745163687e-01
4.764019918621665295e-01
-1.600956464726883965e-01
2.832482957726223383e-02
2.805010605576453361e-02
-1.191206867348808401e-01
-7.788722228814633219e-02
9.482334743513657349e-01
-1.248770170738517482e+00
2.300228928470368639e-01
5.092146596190639807e-01
-3.648860601046309271e-01
2.031977889938763882e-01
2.171534831269694710e-02
5.054211059729091238e-02
-3.462272895725829192e-01
-8.816607755550230907e-01
6.739748999024985920e-01
-1.608769925110142916e-03
-7.929961478399276675e-01
-4.433834198865733711e-01
2.845746297032491490e-01
-3.892761424414059590e-01
-2.586007056181437447e-01
-3.550081430018761086e-01
-6.157958254072097848e-01
-8.066238505066465336e-01
2.638462807587563796e-01
-6.706885494570210549e-01
-5.417278247054299056e-01
7.537165790381071817e-01
4.116708007598725988e-02
6.243676401491367045e-01
4.376750487665714284e-01
2.025517530286043977e-01
2.384799867530682516e-01
-4.702462949846456519e-01
1.025862786582173170e-01
3.315179119032925503e-01
4.238382306113129827e-01
5.102061655409738661e-01
1.049064142985150383e+00
-3.161447461085003380e-02
3.803628805054005135e-01
6.747306382469202557e-01
1.317703891579443953e-01
4.597784736507090630e-01
3.623012751064441650e-01
5.424024335191919288e-01
-9.204715034431728768e-03
3.182427767657751705e-01
4.825616674187727800e-02
5.704152942419242756e-01
7.418326305451269365e-01
-2.291411093952262779e-01
9.106153673502938029e-01
-7.775009894594151483e-01
-1.394142856105000661e+00
-3.836874459232588741e-01
8.321149699118837173e-01
2.345692227053110257e-01
7.119072658416757127e-02
1.197386412163232439e-01
-1.003862403922907015e-01
-2.572406143611733476e-01
-4.539100305667760349e-01
-1.782431823850059160e-01
-1.414870016735720604e-01
-2.351191651116664727e-01
1.031581013941119396e-01
-1.207134469825994205e-01
-9.683421787163866423e-02
-1.022539652542470423e-01
2.668072267467708758e-01
-3.619296682664194242e-02
-7.408688320086058432e-02
-4.247103727739732770e-01
-7.868861180317501813e-02
4.793522036603081182e-01
6.344832821955286306e-01
6.974396963130950755e-02
-1.880183094899319507e-01
6.938234159178401361e-01
-4.247116440572587526e-01
-9.080186030373234018e-01
-7.323328639639248294e-02
2.979232954086281082e-01
-1.035610613927737234e+00
-5.185429146228698327e-01
-3.576689828473069155e-01
4.357500267438148556e-01
-1.292676458660834207e-02
5.918783422632436508e-01
-2.914648021600363959e-01
9.582851247172023690e-02
2.716039210363345724e-01
-1.140795970633436823e-02
-1.760885275397850724e-01
2.749531521501387688e-01
3.228585870509965705e-01
-1.268182990967600565e+00
3.802957946890503371e-02
3.947832515585452118e-01
-7.796856664209611543e-01
6.467245790418568729e-02
5.022993988275319399e-01
-1.009019575553999015e+00
-5.786414569245210693e-01
-1.952517410233368667e-01
-1.603356685476418353e-01
-1.054833398724871057e-01
-2.929294796460211181e-01
3.312559667875127345e-01
3.854297099689590334e-01
3.775807664696408383e-01
1.341159994475089601e-01
6.780765064911372653e-01
2.872199084714551209e-01
2.105901296300616565e-01
-5.353489536381014213e-01
-2.554504669281187912e-02
1.199742994077674235e-01
-6.463442062058549764e-01
-9.566455242061307207e-02
1.679280086072501565e-01
-1.271729567775417014e-01
-6.809402273113269732e-01
-5.201849421105307902e-01
-5.151083381079493151e-01
-9.172496235300469092e-01
8.345964505444333215e-01
2.925486531991289829e-01
4.425252057578238363e-02
-6.324637442437407164e-02
-2.520725053767600143e-01
7.324225603121216066e-01
-2.885464164135633988e-02
-1.731027944353217829e-01
-5.737752847176847970e-01
8.828402405866755953e-02
-1.511001470015276571e-01
8.967896735104536887e-01
-4.028872772849296791e-01
8.841928586404074197e-02
-1.081324125867896141e-01
8.312403624808148428e-02
-1.387846802071515395e-01
2.878310855140688712e-02
-7.274396746810468661e-02
-4.302520162097033252e-01
6.768822056863929570e-02
2.791055301621647722e-01
-2.974496147604915874e-01
1.451773082037529916e-01
-1.990327297615037683e-01
-5.988894329899278057e-01
3.827223604709537597e-01
2.939056915969857631e-01
4.945189430746464027e-02
3.783207481935725314e-01
8.791063321891195992e-01
-3.556129532570090901e-01
1.177663676655099634e+00
5.407836470615630386e-02
-3.872348070032813339e-01
7.222483263796751762e-01
2.982871049495418592e-01
-9.633274984553226450e-02
-4.983577321481246214e-01
3.760238087480884395e-01
-7.481401706204067470e-02
-1.805001786990316215e-01
6.373149396672669331e-01
4.148974129817223529e-03
3.892000403407385734e-01
7.990813378252437094e-02
-5.448175549927788408e-01
-2.346646714568263042e-02
-4.536790575078194498e-01
-9.551073723690176043e-02
2.499780812312918654e-01
2.177745378889516317e-02
6.936448804739558938e-02
1.528242794605550459e-01
1.321905275557911708e+00
-7.941908962074460676e-02
-5.631464946674585859e-02
2.245324215011786084e-01
-2.232534784537371086e-01
-3.422161025009531343e-01
1.472784646995372038e+00
2.371158663594749860e-01
1.019377038647862055e-01
-7.062851491558222450e-02
4.193406947233487697e-02
-2.008500082365240469e-01
1.821427497399950579e-01
9.514788929860397426e-02
4.195617279359266094e-01
-2.989477070257350877e-01
-1.322428260900565811e-01
9.540950827825881442e-01
1.396332046445872277e-01
5.871156895977314681e-03
-4.847288732426489610e-01
-4.112495259159019700e-01
6.970271431972522302e-01
-6.286049993604180264e-01
-7.823746536659524908e-01
-3.227480123748776020e-01
-1.591929646513186858e-01
-6.720663195260916378e-01
-1.053407946803890827e+00
-5.835624985710163859e-01
-4.968366199346777035e-01
3.595411902267680454e-02
3.157042921900604093e-01
-8.798778016482314279e-02
-5.651992895407924322e-02
-6.038978612233552451e-02
1.661865436793064921e-01
-7.832501159264677881e-02
-6.386994922113752547e-03
4.157592805199608610e-01
6.433731975125487335e-01
-1.336581240352490152e-01
-7.308075690417968617e-02
-2.813209984585894330e-01
5.413508075439886769e-01
-2.417265697016710013e-01
-3.109973360795214026e-01
-5.052326593776992197e-02
2.174674344561334724e-02
7.363679000912045636e-01
3.077822694838930895e-01
-3.030569130893279728e-01
6.146170302024234200e-01
4.984954351493004476e-01
-2.374302907157202491e-01
6.853316841842893581e-01
-1.139509373229276139e-02
9.846061340004889084e-01
-2.926107275691594567e-01
5.289860708759968055e-01
-4.626718169719887253e-01
1.295752648534393980e+00
-1.210044527360683991e-02
6.318195755253207535e-01
1.359026914445086609e+00
8.486405764388904593e-02
2.766358027659885921e-01
-3.709581368667504431e-01
-1.890102198183491178e-01
1.841230965856933965e-01
-6.347051924513543719e-01
3.353346357159129876e-01
8.865879190336514032e-03
2.839710569599787071e-01
2.736843512283872182e-02
-1.410601711179222950e-01
1.352786103945072954e-02
-2.945274674706827370e-02
1.476740432022637106e-01
-6.017982544481536022e-01
-3.203160173772143238e-02
5.049451442907397503e-02
-3.509355990079283116e-01
-7.202751221122507541e-01
5.058329715881147992e-01
-6.150226005745471625e-01
-9.854592317981746286e-01
8.066944622192565584e-01
-5.151521043020635959e-01
1.253058620948023505e-01
-7.972230763058106573e-02
8.777187380674301986e-02
1.116110893939695536e+00
8.866078312782023074e-01
-6.511845317740720673e-02
7.496228545586716141e-01
-1.229306661088522129e-01
1.764249380745163687e-01
4.764019918621665295e-01
-1.600956464726883965e-01
2.832482957726223383e-02
2.805010605576453361e-02
-1.191206867348808401e-01
-7.788722228814633219e-02
9.482334743513657349e-01
-1.248770170738517482e+00
2.300228928470368639e-01
5.092146596190639807e-01
-3.648860601046309271e-01
2.031977889938763882e-01
2.171534831269694710e-02
5.054211059729091238e-02
-3.462272895725829192e-01
-8.816607755550230907e-01
6.739748999024985920e-01
-1.608769925110142916e-03
-7.929961478399276675e-01
-4.433834198865733711e-01
2.845746297032491490e-01
-3.892761424414059590e-01
-2.586007056181437447e-01
-3.550081430018761086e-01
-6.157958254072097848e-01
-8.066238505066465336e-01
2.638462807587563796e-01
-6.706885494570210549e-01
-5.417278247054299056e-01
7.537165790381071817e-01
4.116708007598725988e-02
6.243676401491367045e-01
4.376750487665714284e-01
2.025517530286043977e-01
2.384799867530682516e-01
-4.702462949846456519e-01
1.025862786582173170e-01
3.315179119032925503e-01
4.238382306113129827e-01
5.102061655409738661e-01
1.049064142985150383e+00
-3.161447461085003380e-02
3.803628805054005135e-01
6.747306382469202557e-01
1.317703891579443953e-01
4.597784736507090630e-01
3.623012751064441650e-01
5.424024335191919288e-01
-9.204715034431728768e-03
3.182427767657751705e-01
4.825616674187727800e-02
5.704152942419242756e-01
7.418326305451269365e-01
-2.291411093952262779e-01
9.106153673502938029e-01
-7.775009894594151483e-01
-1.394142856105000661e+00
-3.836874459232588741e-01
8.321149699118837173e-01
2.345692227053110257e-01
7.119072658416757127e-02
1.197386412163232439e-01
-1.003862403922907015e-01
-2.572406143611733476e-01
-4.539100305667760349e-01
-1.782431823850059160e-01
-1.414870016735720604e-01
-2.351191651116664727e-01
1.031581013941119396e-01
-1.207134469825994205e-01
-9.683421787163866423e-02
-1.022539652542470423e-01
2.668072267467708758e-01
-3.619296682664194242e-02
-7.408688320086058432e-02
-4.247103727739732770e-01
-7.868861180317501813e-02
4.793522036603081182e-01
6.344832821955286306e-01
6.974396963130950755e-02
-1.880183094899319507e-01
6.938234159178401361e-01
-4.247116440572587526e-01
-9.080186030373234018e-01
-7.323328639639248294e-02
2.979232954086281082e-01
-1.035610613927737234e+00
-5.185429146228698327e-01
-3.576689828473069155e-01
4.357500267438148556e-01
-1.292676458660834207e-02
5.918783422632436508e-01
-2.914648021600363959e-01
9.582851247172023690e-02
2.716039210363345724e-01
-1.140795970633436823e-02
-1.760885275397850724e-01
2.749531521501387688e-01
3.228585870509965705e-01
-1.268182990967600565e+00
3.802957946890503371e-02
3.947832515585452118e-01
-7.796856664209611543e-01
6.467245790418568729e-02
5.022993988275319399e-01
-1.009019575553999015e+00
-5.786414569245210693e-01
-1.952517410233368667e-01
-1.603356685476418353e-01
-1.054833398724871057e-01
-2.929294796460211181e-01
3.312559667875127345e-01
3.854297099689590334e-01
3.775807664696408383e-01
1.341159994475089601e-01
6.780765064911372653e-01
2.872199084714551209e-01
2.105901296300616565e-01
-5.353489536381014213e-01
-2.554504669281187912e-02
1.199742994077674235e-01
-6.463442062058549764e-01
-9.566455242061307207e-02
1.679280086072501565e-01
-1.271729567775417014e-01
-6.809402273113269732e-01
-5.201849421105307902e-01
-5.151083381079493151e-01
-9.172496235300469092e-01
8.345964505444333215e-01
2.925486531991289829e-01
4.425252057578238363e-02
-6.324637442437407164e-02
-2.520725053767600143e-01
7.324225603121216066e-01
-2.885464164135633988e-02
-1.731027944353217829e-01
-5.737752847176847970e-01
8.828402405866755953e-02
-1.511001470015276571e-01
8.967896735104536887e-01
-4.028872772849296791e-01
8.841928586404074197e-02
-1.081324125867896141e-01
8.312403624808148428e-02
-1.387846802071515395e-01
2.878310855140688712e-02
-7.274396746810468661e-02
-4.302520162097033252e-01
6.768822056863929570e-02
2.791055301621647722e-01
-2.974496147604915874e-01
1.451773082037529916e-01
-1.990327297615037683e-01
-5.988894329899278057e-01
3.827223604709537597e-01
2.939056915969857631e-01
4.945189430746464027e-02
3.783207481935725314e-01
8.791063321891195992e-01
-3.556129532570090901e-01
1.177663676655099634e+00
5.407836470615630386e-02
-3.872348070032813339e-01
7.222483263796751762e-01
2.982871049495418592e-01
-9.633274984553226450e-02
-4.983577321481246214e-01
3.760238087480884395e-01
-7.481401706204067470e-02
-1.805001786990316215e-01
6.373149396672669331e-01
4.148974129817223529e-03
3.892000403407385734e-01
7.990813378252437094e-02
-5.448175549927788408e-01
-2.346646714568263042e-02
-4.536790575078194498e-01
-9.551073723690176043e-02
2.499780812312918654e-01
2.177745378889516317e-02
6.936448804739558938e-02
1.528242794605550459e-01
1.321905275557911708e+00
-7.941908962074460676e-02
-5.631464946674585859e-02
2.245324215011786084e-01
-2.232534784537371086e-01
-3.422161025009531343e-01
1.472784646995372038e+00
2.371158663594749860e-01
1.019377038647862055e-01
-7.062851491558222450e-02
4.193406947233487697e-02
-2.008500082365240469e-01
1.821427497399950579e-01
9.514788929860397426e-02
4.195617279359266094e-01
-2.989477070257350877e-01
-1.322428260900565811e-01
9.540950827825881442e-01
1.396332046445872277e-01
5.871156895977314681e-03
-4.847288732426489610e-01
-4.112495259159019700e-01
6.970271431972522302e-01
-6.286049993604180264e-01
-7.823746536659524908e-01
-3.227480123748776020e-01
-1.591929646513186858e-01
-6.720663195260916378e-01
-1.053407946803890827e+00
-5.835624985710163859e-01
-4.968366199346777035e-01
3.595411902267680454e-02
3.157042921900604093e-01
-8.798778016482314279e-02
-5.651992895407924322e-02
-6.038978612233552451e-02
1.661865436793064921e-01
-7.832501159264677881e-02
-6.386994922113752547e-03
4.157592805199608610e-01
6.433731975125487335e-01
-1.336581240352490152e-01
-7.308075690417968617e-02
-2.813209984585894330e-01
5.413508075439886769e-01
-2.417265697016710013e-01
-3.109973360795214026e-01
-5.052326593776992197e-02
