5.443844452774669884e-01
-9.371221667540818867e-01
-4.161764215816924906e-01
5.055238410242611502e-02
2.510623827902775940e-01
3.931113698113513633e-01
1.495044640509114175e-01
9.443881588427899265e-02
-4.550310761944358906e-01
-2.585107127370241120e-02
9.487372524756233771e-02
-1.123448609223451911e+00
1.304701310769728062e+00
-5.699908056137439338e-01
5.531039264204004602e-02
5.993678873650108985e-01
2.104473495709254793e-01
-1.767716664056842579e-02
-3.575123141305477231e-02
8.851952372202950489e-03
6.285135985472612222e-03
-1.034582790184183781e-01
4.907319709405730951e-02
-9.909653087546191896e-01
4.214077580200716044e-02
3.600522739931770466e-02
9.457563592728916724e-02
1.673538048976570825e-01
1.783697590834978086e-01
-2.016961703054455379e-01
-1.247761615540779356e+00
1.123504610327045627e+00
4.570401803584239198e-01
1.594694706619675245e-02
-2.734990104273253397e+00
4.976457538426534016e-02
1.980645966479053777e-01
7.661931499376750665e-01
1.387581753692695707e-01
2.730748785016148261e-01
2.911151830503785343e-01
-1.351769912818791622e-02
-3.534697878207323368e-02
6.701255241093509452e-02
2.020899418105533141e-01
7.506576133974661724e-01
1.118876586403020346e-01
-9.334559876805713363e-02
1.813906158241341549e-01
1.700083098139831550e-01
6.733318310599610834e-01
6.443353069490046492e-01
2.507840754523512489e-02
-1.572692626153200102e-01
5.970976119527123815e-01
-1.820498966341400904e-01
-6.619403993069765679e-01
1.701572867730943017e-01
-4.032674493542905136e-02
-1.001920271649608951e+00
-8.951715381157467899e-01
-3.720327759885254104e-01
-3.650571461137787632e-01
6.581485244090145015e-01
1.076176809120336531e+00
6.725350357035450033e-01
5.145252262817014977e-01
-6.181566229277069002e-01
-2.287586725231536833e-01
3.702211161145944063e-01
-9.872289881467305461e-01
3.838745349779889016e-01
3.021750391441452299e-01
9.012028962156985734e-02
1.807376547102000075e-01
-1.580686025731757594e-01
5.818459241171962670e-01
-1.479427595809199580e-01
-4.905878295387502419e-01
2.890573576533824740e-01
-1.317805760441736751e-01
-2.041122499951622538e-01
-2.884607919075886651e-01
9.533926153815260873e-01
-9.177447160079776900e-01
-1.263542131121205836e+00
-3.691864883940241815e-01
-2.408654571191157501e-01
-2.642620863523072877e-02
2.141451935548882579e-01
-2.652098944356152121e-01
5.911395592318814396e-01
-1.390300075970281268e+00
1.012611319731211657e+00
5.971002905630938828e-01
-3.541518785473217190e-01
6.540100062869555475e-02
6.625870840478949308e-02
3.436374558689299970e-03
-6.381544031991275012e-02
6.995745242372962691e-01
5.152490044263317165e-02
1.494375689723221323e-01
8.384589399212950822e-02
1.844799101918856987e-01
-7.815065994944743188e-01
9.081291426478861339e-01
1.689632735602626945e-01
-3.926180686985870083e-01
5.647562488085706989e-02
-4.521627176634733791e-01
-3.061353628894905032e-01
-6.342857729072196582e-01
-5.121248267875607718e-01
-6.605638479293118870e-01
-2.820937110683086058e-01
2.391184630536851152e-01
2.203094143365717517e-01
5.649521577001219708e-01
1.444203839784312104e-01
-1.105965092595126847e-01
1.879377917924389130e-01
-2.663498709887728369e-02
-9.969679583904524078e-02
-1.222802400929344224e-01
9.331927927178762863e-03
-1.106625666175592992e-01
8.670465533214784248e-02
-5.171947693278177161e-01
3.856683193201994042e-01
-2.689280938262335052e-01
-9.710521902492259549e-01
-4.197266199712190171e-01
-3.462196607767553203e-05
-1.442458067562274182e-01
-5.205832849876673718e-01
3.973980524489923588e-02
-6.087388686721696418e-01
1.344401437780531894e-01
-1.164322094719900252e-01
5.785466302103992042e-01
-2.207996111588596266e-01
8.572213964867262392e-01
-1.143589143046496615e+00
-2.455352884687069248e-01
-3.046841930499537554e-01
-2.245994702551434852e-01
6.230550275302539076e-02
5.569558601796439357e-01
2.194465717200756449e-01
1.520537665008499240e-01
-1.610383737317681307e-01
-6.579275337127495904e-01
1.123919197762468097e-01
-7.418359319200688029e-01
-1.421068552105564098e-01
-6.717887119305315791e-01
2.793359964141252649e-01
-2.290531614570310015e-01
-8.030844011508433966e-02
-5.005321744323154576e-01
8.070057253828144539e-01
-4.829512170763030077e-01
1.110653943135342520e-01
3.552704972692247720e-01
-3.013590820142402205e-01
2.728088064348801467e-01
-2.260389401664902320e-01
-5.162273188372001886e-01
2.702099873989944889e-01
-7.634213327309991026e-01
-2.020982744520420926e-01
3.090801971094707667e-01
2.544810134914290978e-01
3.952975500822308308e-01
-1.201390049863584553e+00
-4.274378544543172009e-01
-4.010182323870112864e-01
-9.675500266078963796e-02
-2.706759522023801171e-02
-1.170067328269119578e-01
8.053462870400129869e-01
1.407359317203697169e-01
-1.847078943875575807e-01
2.512102793172776849e-01
-4.099023112373659794e-01
-6.088892093523636806e-01
-5.890557869006204927e-02
8.016983559025211425e-01
-2.308822532578963249e-01
1.613497891550625396e-01
-2.125339773620384676e-01
-1.546288024127116523e-01
-1.526025636751318082e-01
-9.525751644432293996e-02
-6.699773472452658085e-02
3.777836694054637068e-02
-1.431132923128869694e-01
5.128723935235107202e-03
0.000000000000000000e+00
6.502116555436990852e-01
3.185172438350722390e-01
3.118313849154604744e-01
-1.672060008432617595e+00
5.344020179385703395e-01
5.278264229666960183e-01
-3.647043172261084376e-02
-1.052393138108467463e+00
-1.192360929524923785e-01
7.723138783897340875e-01
-1.043615964978067190e+00
3.810036950146329371e-01
-5.230433008393478578e-02
-1.834435459615254005e-01
-3.221973578046170572e-01
-1.886311183351069287e-01
-2.676887279947239295e-01
5.827859398330610396e-01
8.220671975162758827e-01
3.349085314014385584e-01
1.309996191797532461e+00
8.078768733364811716e-01
5.729129361537455001e-01
4.676004039790547240e-01
-6.363428014362055851e-01
5.870856786460522114e-01
5.939404108729515741e-01
5.026470432256050502e-01
-6.218690560856950100e-02
6.450437534286973529e-01
-1.420021515620268626e-01
-5.332364209278351447e-02
-1.815136149557632361e+00
5.946372211041006661e-01
-9.791393475538089364e-01
-9.207652701732819966e-02
-5.144661497103724529e-02
8.945413876444775481e-01
1.154888862168819141e+00
-1.684824256300797296e-01
-1.794399420346918239e-01
2.622789597845763196e-02
-8.754117567077919493e-02
2.429472063306495899e-01
-3.185847202111791177e-01
-1.311637818133753575e+00
-3.104864343425084994e-01
-1.257085851404609600e-01
-4.868645132083742055e-01
1.345870757946401597e-01
1.513804739483489391e-02
-3.754643269369958847e-02
1.023115801318051354e-01
4.388936121364757359e-02
2.754944124498704960e-01
-7.177864993404856585e-03
4.019267952800658628e-01
-6.382067254497428843e-01
-4.944286321312919563e-01
-2.605896055878409445e-01
1.580792112852556219e-01
-4.311627883906731795e-01
8.101825618787708017e-01
-2.369474773925140110e-01
0.000000000000000000e+00
3.111346108228681476e-02
6.504791299085287415e-01
6.089867531491451741e-02
-6.164825410231823677e-02
-3.021394423125808859e-01
3.250834142429918222e-02
-4.568542153469221795e-02
-2.335265715830567024e-01
3.930293393604607916e-02
-3.564317182171351517e-01
-1.066521022744358893e-01
6.109583561015700104e-01
6.440658741546831934e-01
1.977129497724749441e-01
-9.875438108947960300e-03
-4.161081788495178957e-01
-5.487893846922670127e-02
1.524659496057036434e-01
1.104441054122686644e-01
-6.943470797764028646e-02
-1.838058308574624378e-01
-1.826131908009689725e-03
-1.098022510904460847e-01
-2.375050288573635985e-03
-1.659275372457389569e-02
