4.96314e-06 	21.8996 	-0.0138712 	0
1.48429e-05 	64.4961 	-0.0379251 	0
2.46948e-05 	105.867 	-0.0594345 	0
3.46404e-05 	146.622 	-0.0819599 	0
4.47862e-05 	187.265 	-0.105408 	0
5.52311e-05 	228.152 	-0.129687 	0
6.60699e-05 	269.49 	-0.154507 	0
7.73965e-05 	311.32 	-0.17945 	0
8.93058e-05 	353.524 	-0.203944 	0
0.000101896 	395.852 	-0.227275 	0
0.000115268 	437.978 	-0.248779 	0
0.00012953 	479.553 	-0.267812 	0
0.000144795 	520.252 	-0.283571 	0
0.000161185 	559.79 	-0.295314 	0
0.000178829 	597.935 	-0.30256 	0
0.000197868 	634.502 	-0.30503 	0
0.00021845 	669.344 	-0.301478 	0
0.000240738 	702.357 	-0.291778 	0
0.000264909 	733.486 	-0.276376 	0
0.000291153 	762.743 	-0.254604 	0
0.000319676 	790.238 	-0.226511 	0
0.000350703 	816.178 	-0.192077 	0
0.000384479 	840.817 	-0.15151 	0
0.000421271 	864.366 	-0.105254 	0
0.000461366 	886.954 	-0.054103 	0
0.000505082 	908.662 	0.0010389 	0
0.000552762 	929.561 	0.059047 	0
0.000604783 	949.712 	0.118407 	0
0.000661554 	969.178 	0.178031 	0
0.000723523 	988.024 	0.23523 	0
0.000791177 	1006.32 	0.288665 	0
0.00086505 	1024.12 	0.336742 	0
0.000945722 	1041.51 	0.377761 	0
0.00103383 	1058.56 	0.410414 	0
0.00113007 	1075.32 	0.433755 	0
0.0012352 	1091.85 	0.447021 	0
0.00135004 	1108.23 	0.451615 	0
0.0014755 	1124.48 	0.44466 	0
0.00161258 	1140.69 	0.426988 	0
0.00176234 	1156.89 	0.4042 	0
0.00192597 	1173.13 	0.376154 	0
0.00210476 	1189.45 	0.347694 	0
0.00230012 	1205.9 	0.322191 	0
0.00251358 	1222.53 	0.307806 	0
0.00274683 	1239.39 	0.303551 	0
0.00300171 	1256.51 	0.329874 	0
0.00328023 	1273.96 	0.388908 	0
0.00358457 	1291.77 	0.487524 	0
0.00391714 	1310 	0.636962 	0
0.00428056 	1328.71 	0.846348 	0
0.00467769 	1347.94 	1.12563 	0
0.00511167 	1367.69 	1.48449 	0
0.00558591 	1387.95 	1.93746 	0
0.00610416 	1408.62 	2.5077 	0
0.0066705 	1429.45 	3.22222 	0
0.0072894 	1449.74 	4.16431 	0
0.00796574 	1467.13 	5.45773 	0
0.00855799 	1476.49 	6.67664 	0
0.00894392 	1479.87 	7.46456 	0
0.00951253 	1481.88 	8.32273 	0
0.0103952 	1482.57 	8.98344 	0
0.0113598 	1482.6 	9.09661 	0
0.0124139 	1482.63 	9.17655 	0
0.013566 	1482.65 	9.24795 	0
0.0148251 	1482.69 	9.52893 	0
0.0162011 	1482.71 	9.61374 	0
0.017705 	1482.74 	9.68792 	0
0.0193486 	1482.75 	9.62635 	0
0.0202967 	1482.76 	9.55591 	0
0.0212348 	1482.77 	9.50803 	0
0.0231084 	1482.79 	9.51347 	0
0.0252543 	1482.79 	9.69083 	0
0.0276001 	1482.81 	10.1114 	0
0.0301448 	1482.85 	10.3805 	0
0.031484 	1482.86 	10.5235 	0
0.0329673 	1482.85 	10.6468 	0
0.0360314 	1482.84 	10.778 	0
0.0393815 	1482.82 	10.655 	0
0.041589 	1482.78 	10.5527 	0
0.0435022 	1482.75 	10.467 	0
0.0470499 	1482.74 	10.3317 	0
0.0506434 	1482.7 	10.5586 	0
0.0529317 	1482.69 	10.7675 	0
0.0562215 	1482.69 	11.1268 	0
0.0602482 	1482.69 	11.7109 	0
0.0629866 	1482.69 	12.0684 	0
0.0671978 	1482.69 	12.5275 	0
0.07057 	1482.64 	12.498 	0
0.0738498 	1482.62 	12.1077 	0
0.078218 	1482.76 	10.0403 	0
0.0818093 	1482.96 	8.0932 	0
0.0859665 	1483.32 	5.58396 	0
0.0899001 	1483.6 	3.53789 	0
0.0938543 	1483.8 	1.69763 	0
0.098165 	1483.93 	0.504856 	0
0.101925 	1483.97 	0.251153 	0
0.106651 	1484 	0.0211601 	0
0.110224 	1484 	0.0127245 	0
0.113967 	1484 	0.00318152 	0
0.118805 	1484 	0.000144661 	0
0.122029 	1484 	8.453e-05 	0
0.126872 	1484 	2.43168e-07 	0
0.130784 	1484 	1.88973e-07 	0
0.133691 	1484 	1.2547e-07 	0
0.138506 	1484 	-8.62722e-09 	0
0.142708 	1484 	-6.18125e-09 	0
0.145325 	1484 	-4.63179e-09 	0
0.148982 	1484 	-2.64509e-09 	0
0.15382 	1484 	-1.38645e-09 	0
0.15705 	1484 	-1.01998e-09 	0
0.159283 	1484 	-7.61748e-10 	0
0.16276 	1484 	-3.65408e-10 	0
0.166887 	1484 	-6.68465e-11 	0
0.1708 	1484 	-4.66127e-11 	0
0.172904 	1484 	-3.54007e-11 	0
0.174709 	1484 	-2.62441e-11 	0
0.178025 	1484 	-1.20074e-11 	0
0.181359 	1484 	-1.55495e-12 	0
0.184518 	1484 	1.78138e-12 	0
0.187512 	1484 	3.53615e-12 	0
0.189414 	1484 	4.15189e-12 	0
0.190794 	1484 	4.34169e-12 	0
0.193039 	1484 	4.179e-12 	0
0.195586 	1484 	3.26654e-12 	0
0.197999 	1484 	1.5243e-12 	0
0.200286 	1484 	4.14733e-13 	0
0.202452 	1484 	3.53652e-13 	0
0.204504 	1484 	6.69278e-13 	0
0.206447 	1484 	8.26824e-13 	0
0.207887 	1484 	8.19542e-13 	0
0.208782 	1484 	8.02906e-13 	0
0.21003 	1484 	7.71239e-13 	0
0.21168 	1484 	6.54809e-13 	0
0.213242 	1484 	6.16052e-13 	0
0.214721 	1484 	4.80784e-13 	0
0.216122 	1484 	2.50397e-13 	0
0.217447 	1484 	-8.37074e-14 	0
0.218702 	1484 	-4.44326e-13 	0
0.219889 	1484 	-4.67483e-13 	0
0.221014 	1484 	-4.88533e-13 	0
0.222078 	1484 	-5.54921e-13 	0
0.223085 	1484 	-3.99596e-13 	0
0.224038 	1484 	-6.83725e-13 	0
0.22494 	1484 	-6.45315e-13 	0
0.225793 	1484 	-6.49181e-13 	0
0.2266 	1484 	-6.66953e-13 	0
0.227363 	1484 	-6.49631e-13 	0
0.228086 	1484 	-6.72396e-13 	0
0.228681 	1484 	-6.98518e-13 	0
0.229013 	1484 	-7.19238e-13 	0
0.229416 	1484 	-7.57891e-13 	0
0.230028 	1484 	-7.84754e-13 	0
0.230607 	1484 	-7.75998e-13 	0
0.231154 	1484 	-7.40538e-13 	0
0.231672 	1484 	-6.31303e-13 	0
0.232161 	1484 	-6.63881e-13 	0
0.232625 	1484 	-6.72952e-13 	0
0.233063 	1484 	-7.63632e-13 	0
0.233478 	1484 	-7.78375e-13 	0
0.23387 	1484 	-6.98234e-13 	0
0.234241 	1484 	-6.78402e-13 	0
0.234591 	1484 	-5.93736e-13 	0
0.234924 	1484 	-5.34768e-13 	0
0.235237 	1484 	-5.77229e-13 	0
0.235535 	1484 	-5.08213e-13 	0
0.235816 	1484 	-5.60748e-13 	0
0.236082 	1484 	-5.54353e-13 	0
0.236335 	1484 	-4.53558e-13 	0
0.236575 	1484 	-3.98777e-13 	0
0.236811 	1484 	-3.75519e-13 	0
0.237052 	1484 	-3.24182e-13 	0
0.237298 	1484 	-3.30085e-13 	0
0.237548 	1484 	-2.35716e-13 	0
0.237805 	1484 	-2.17258e-13 	0
0.238067 	1484 	-6.56441e-14 	0
0.238335 	1484 	-1.34138e-13 	0
0.23861 	1484 	-2.52494e-13 	0
0.238891 	1484 	-2.74326e-13 	0
0.239179 	1484 	-1.71591e-13 	0
0.239474 	1484 	-1.32746e-13 	0
0.239775 	1484 	-1.60206e-13 	0
0.240085 	1484 	-2.659e-13 	0
0.240402 	1484 	-6.7743e-13 	0
0.240727 	1484 	-8.14303e-13 	0
0.241058 	1484 	-1.221e-12 	0
0.241398 	1484 	-1.1417e-12 	0
0.241747 	1484 	-9.00926e-13 	0
0.242104 	1484 	-1.44532e-12 	0
0.242469 	1484 	-1.61784e-12 	0
0.242844 	1484 	-2.187e-12 	0
0.243227 	1484 	-5.56298e-12 	0
0.24362 	1484 	-9.18491e-12 	0
0.244022 	1484 	-1.2539e-11 	0
0.244434 	1484 	-1.58873e-11 	0
0.244855 	1484 	-1.89322e-11 	0
0.245287 	1484 	-2.10054e-11 	0
0.245728 	1484 	-1.47618e-11 	0
0.246182 	1484 	2.24553e-11 	0
0.246646 	1484 	1.13677e-10 	0
0.24712 	1484 	3.05021e-10 	0
0.247605 	1484 	6.63175e-10 	0
0.248102 	1484 	1.29378e-09 	0
0.248612 	1484 	2.34847e-09 	0
0.249133 	1484 	4.02813e-09 	0
0.249667 	1484 	6.60362e-09 	0
0.250213 	1484 	1.04298e-08 	0
0.250772 	1484 	1.59577e-08 	0
0.251345 	1484 	2.37341e-08 	0
0.251931 	1484 	3.44231e-08 	0
0.252531 	1484 	4.8781e-08 	0
0.253145 	1484 	6.7681e-08 	0
0.253587 	1484 	8.4055e-08 	0
0.253906 	1484 	9.772e-08 	0
0.254418 	1484 	1.22838e-07 	0
0.255076 	1484 	1.61139e-07 	0
0.25575 	1484 	2.08056e-07 	0
0.25644 	1484 	2.64601e-07 	0
0.257146 	1484 	3.31754e-07 	0
0.257868 	1484 	4.10347e-07 	0
0.258608 	1484 	5.00857e-07 	0
0.259364 	1484 	6.03633e-07 	0
0.260139 	1484 	7.18643e-07 	0
0.260931 	1484 	8.45437e-07 	0
0.261741 	1484 	9.83128e-07 	0
0.262571 	1484 	1.13008e-06 	0
0.263419 	1484 	1.28431e-06 	0
0.264287 	1484 	1.44333e-06 	0
0.265176 	1484 	1.60373e-06 	0
0.266085 	1484 	1.76142e-06 	0
0.267014 	1484 	1.91132e-06 	0
0.267965 	1484 	2.05397e-06 	0
0.268938 	1484 	2.18939e-06 	0
0.269932 	1484 	2.30181e-06 	0
0.27095 	1484 	2.38371e-06 	0
0.271991 	1484 	2.42696e-06 	0
0.273056 	1484 	2.43014e-06 	0
0.274145 	1484 	2.3935e-06 	0
0.275258 	1484 	2.31978e-06 	0
0.276397 	1484 	2.17932e-06 	0
0.277562 	1484 	1.96626e-06 	0
0.278752 	1484 	1.6783e-06 	0
0.279969 	1484 	1.31095e-06 	0
0.281073 	1484 	9.14102e-07 	0
0.281704 	1484 	6.67838e-07 	0
0.282492 	1484 	3.21781e-07 	0
0.283802 	1484 	-3.07035e-07 	0
0.285142 	1484 	-1.0315e-06 	0
0.286512 	1484 	-1.85225e-06 	0
0.287913 	1484 	-2.7655e-06 	0
0.289346 	1484 	-3.76463e-06 	0
0.290812 	1484 	-4.84105e-06 	0
0.29231 	1484 	-5.98501e-06 	0
0.293842 	1484 	-7.1839e-06 	0
0.295409 	1484 	-8.4255e-06 	0
0.29701 	1484 	-9.64551e-06 	0
0.298648 	1484 	-1.07278e-05 	0
0.300322 	1484 	-1.17771e-05 	0
0.302032 	1484 	-1.27738e-05 	0
0.303782 	1484 	-1.36966e-05 	0
0.305569 	1484 	-1.4526e-05 	0
0.307397 	1484 	-1.52412e-05 	0
0.309265 	1484 	-1.58219e-05 	0
0.310844 	1484 	-1.61945e-05 	0
0.311808 	1484 	-1.63636e-05 	0
0.313121 	1484 	-1.65197e-05 	0
0.315112 	1484 	-1.6604e-05 	0
0.317146 	1484 	-1.64886e-05 	0
0.319224 	1484 	-1.616e-05 	0
0.321348 	1484 	-1.56135e-05 	0
0.323518 	1484 	-1.48379e-05 	0
0.325733 	1484 	-1.38276e-05 	0
0.327996 	1484 	-1.27937e-05 	0
0.330308 	1484 	-1.26125e-05 	0
0.332669 	1484 	-1.23193e-05 	0
0.33508 	1484 	-1.19122e-05 	0
0.337542 	1484 	-1.13968e-05 	0
0.340057 	1484 	-1.07712e-05 	0
0.342457 	1484 	-1.00915e-05 	0
0.343757 	1484 	-9.69438e-06 	0
0.345282 	1484 	-9.20047e-06 	0
0.348019 	1484 	-8.25485e-06 	0
0.350819 	1484 	-7.20947e-06 	0
0.35368 	1484 	-6.06979e-06 	0
0.356603 	1484 	-4.83569e-06 	0
0.359592 	1484 	-3.51185e-06 	0
0.362645 	1484 	-2.65844e-06 	0
0.365765 	1484 	-2.13731e-06 	0
0.368952 	1484 	-1.59065e-06 	0
0.372208 	1484 	-1.01872e-06 	0
0.375533 	1484 	-4.22796e-07 	0
0.377533 	1484 	-5.89411e-08 	0
