4.96314e-06 	25.4916 	-0.00253476 	0
1.48429e-05 	74.9687 	-0.00577569 	0
2.46948e-05 	122.973 	-0.00721246 	0
3.46404e-05 	170.241 	-0.00756357 	0
4.47862e-05 	217.224 	-0.00706645 	0
5.52311e-05 	263.97 	-0.00615804 	0
6.60699e-05 	310.109 	-0.00512286 	0
7.73965e-05 	354.997 	-0.00423999 	0
8.93058e-05 	397.987 	-0.00419452 	0
0.000101896 	438.656 	-0.00517131 	0
0.000115268 	476.874 	-0.00677451 	0
0.00012953 	512.82 	-0.00900826 	0
0.000144795 	546.794 	-0.0117149 	0
0.000161185 	578.997 	-0.0148009 	0
0.000178829 	609.562 	-0.0181863 	0
0.000197868 	638.617 	-0.0218711 	0
0.00021845 	666.3 	-0.0258653 	0
0.000240738 	692.745 	-0.0301565 	0
0.000264909 	718.075 	-0.0347212 	0
0.000291153 	742.406 	-0.0395315 	0
0.000319676 	765.85 	-0.0445689 	0
0.000350703 	788.512 	-0.0498042 	0
0.000384479 	810.483 	-0.0551951 	0
0.000421271 	831.846 	-0.0607118 	0
0.000461366 	852.676 	-0.0663134 	0
0.000505082 	873.04 	-0.0719216 	0
0.000552762 	892.998 	-0.0774548 	0
0.000604783 	912.605 	-0.0827779 	0
0.000661554 	931.907 	-0.0876919 	0
0.000723523 	950.949 	-0.0919056 	0
0.000791177 	969.772 	-0.0949585 	0
0.00086505 	988.412 	-0.0963709 	0
0.000945722 	1006.9 	-0.0953583 	0
0.00103383 	1025.28 	-0.0907524 	0
0.00113007 	1043.57 	-0.0813065 	0
0.0012352 	1061.8 	-0.0654055 	0
0.00135004 	1080.01 	-0.0410818 	0
0.0014755 	1098.21 	-0.00596288 	0
0.00161258 	1116.47 	0.0427401 	0
0.00176234 	1134.78 	0.108189 	0
0.00192597 	1153.21 	0.193853 	0
0.00210476 	1171.79 	0.303561 	0
0.00230012 	1190.57 	0.441359 	0
0.00251358 	1209.61 	0.611622 	0
0.00274683 	1228.97 	0.81878 	0
0.00300171 	1248.76 	1.06896 	0
0.00328023 	1269.04 	1.36514 	0
0.00358457 	1289.92 	1.7123 	0
0.00391714 	1311.44 	2.10742 	0
0.00428056 	1333.54 	2.5606 	0
0.00467769 	1355.98 	3.04808 	0
0.00511167 	1378.23 	3.58629 	0
0.00558591 	1399.67 	4.16165 	0
0.00610416 	1420.61 	4.82405 	0
0.0066705 	1441.52 	5.64152 	0
0.0072894 	1461.14 	6.77053 	0
0.00796574 	1475.04 	8.19563 	0
0.00855799 	1480.54 	9.34252 	0
0.00894392 	1481.87 	9.92954 	0
0.00951253 	1482.51 	10.3109 	0
0.0103952 	1482.63 	10.3349 	0
0.0113598 	1482.65 	10.2365 	0
0.0124139 	1482.67 	10.1778 	0
0.013566 	1482.69 	10.2881 	0
0.0148251 	1482.71 	10.5585 	0
0.0162011 	1482.69 	10.9537 	0
0.017705 	1482.7 	11.2506 	0
0.0193486 	1482.68 	11.2615 	0
0.0202967 	1482.67 	11.189 	0
0.0212348 	1482.68 	11.0734 	0
0.0231084 	1482.7 	10.8921 	0
0.0252543 	1482.72 	10.906 	0
0.0276001 	1482.73 	11.343 	0
0.0301448 	1482.76 	11.7285 	0
0.031484 	1482.76 	11.9198 	0
0.0329673 	1482.75 	12.0652 	0
0.0360314 	1482.73 	12.2033 	0
0.0393815 	1482.72 	12.0554 	0
0.041589 	1482.66 	11.9106 	0
0.0435022 	1482.63 	11.786 	0
0.0470499 	1482.62 	11.5856 	0
0.0506434 	1482.55 	11.7827 	0
0.0529317 	1482.54 	12.0037 	0
0.0562215 	1482.55 	12.4144 	0
0.0602482 	1482.53 	13.1758 	0
0.0629866 	1482.52 	13.6517 	0
0.0671978 	1482.51 	14.2798 	0
0.07057 	1482.45 	14.2866 	0
0.0738498 	1482.43 	13.8582 	0
0.078218 	1482.58 	11.4399 	0
0.0818093 	1482.82 	9.1913 	0
0.0859665 	1483.24 	6.34288 	0
0.0899001 	1483.54 	4.01833 	0
0.0938543 	1483.77 	1.92054 	0
0.098165 	1483.92 	0.56388 	0
0.101925 	1483.97 	0.280416 	0
0.106651 	1484 	0.0231164 	0
0.110224 	1484 	0.0139056 	0
0.113967 	1484 	0.00347183 	0
0.118805 	1484 	0.000152281 	0
0.122029 	1484 	8.91582e-05 	0
0.126872 	1484 	6.84132e-08 	0
0.130784 	1484 	8.66038e-08 	0
0.133691 	1484 	6.44526e-08 	0
0.138506 	1484 	-2.75735e-08 	0
0.142708 	1484 	-1.84372e-08 	0
0.145325 	1484 	-1.3358e-08 	0
0.148982 	1484 	-7.3267e-09 	0
0.15382 	1484 	-3.63278e-09 	0
0.15705 	1484 	-2.62667e-09 	0
0.159283 	1484 	-1.92125e-09 	0
0.16276 	1484 	-8.83879e-10 	0
0.166887 	1484 	-1.47962e-10 	0
0.1708 	1484 	-9.95707e-11 	0
0.172904 	1484 	-7.38794e-11 	0
0.174709 	1484 	-5.19046e-11 	0
0.178025 	1484 	-1.93139e-11 	0
0.181359 	1484 	-1.92288e-13 	0
0.184518 	1484 	5.64319e-12 	0
0.187512 	1484 	8.1367e-12 	0
0.189414 	1484 	8.88431e-12 	0
0.190794 	1484 	9.00822e-12 	0
0.193039 	1484 	8.41242e-12 	0
0.195586 	1484 	6.51011e-12 	0
0.197999 	1484 	3.00618e-12 	0
0.200286 	1484 	8.37943e-13 	0
0.202452 	1484 	1.06439e-12 	0
0.204504 	1484 	1.13936e-12 	0
0.206447 	1484 	1.20823e-12 	0
0.207887 	1484 	1.24022e-12 	0
0.208782 	1484 	1.23018e-12 	0
0.21003 	1484 	1.16202e-12 	0
0.21168 	1484 	1.00373e-12 	0
0.213242 	1484 	7.89248e-13 	0
0.214721 	1484 	5.94752e-13 	0
0.216122 	1484 	3.40017e-13 	0
0.217447 	1484 	-2.68102e-14 	0
0.218702 	1484 	-4.38012e-13 	0
0.219889 	1484 	-4.05211e-13 	0
0.221014 	1484 	-5.15111e-13 	0
0.222078 	1484 	-5.49361e-13 	0
0.223085 	1484 	-4.71875e-13 	0
0.224038 	1484 	-4.80987e-13 	0
0.22494 	1484 	-5.49304e-13 	0
0.225793 	1484 	-5.98475e-13 	0
0.2266 	1484 	-6.06555e-13 	0
0.227363 	1484 	-6.30914e-13 	0
0.228086 	1484 	-5.62492e-13 	0
0.228681 	1484 	-5.11973e-13 	0
0.229013 	1484 	-5.11798e-13 	0
0.229416 	1484 	-4.93355e-13 	0
0.230028 	1484 	-4.56495e-13 	0
0.230607 	1484 	-4.73082e-13 	0
0.231154 	1484 	-4.58223e-13 	0
0.231672 	1484 	-3.89644e-13 	0
0.232161 	1484 	-2.92441e-13 	0
0.232625 	1484 	-2.7885e-13 	0
0.233063 	1484 	-2.49108e-13 	0
0.233478 	1484 	-9.76059e-14 	0
0.23387 	1484 	-8.74472e-14 	0
0.234241 	1484 	-1.56813e-13 	0
0.234591 	1484 	-1.37985e-13 	0
0.234924 	1484 	-2.08267e-13 	0
0.235237 	1484 	-3.12461e-13 	0
0.235535 	1484 	-3.30073e-13 	0
0.235816 	1484 	-4.31196e-13 	0
0.236082 	1484 	-3.77361e-13 	0
0.236335 	1484 	-4.25962e-13 	0
0.236575 	1484 	-5.40306e-13 	0
0.236811 	1484 	-5.44749e-13 	0
0.237052 	1484 	-6.17037e-13 	0
0.237298 	1484 	-6.74352e-13 	0
0.237548 	1484 	-6.76734e-13 	0
0.237805 	1484 	-5.54197e-13 	0
0.238067 	1484 	-5.25819e-13 	0
0.238335 	1484 	-5.35269e-13 	0
0.23861 	1484 	-4.7188e-13 	0
0.238891 	1484 	-4.70225e-13 	0
0.239179 	1484 	-7.58735e-13 	0
0.239474 	1484 	-8.64025e-13 	0
0.239775 	1484 	-8.13421e-13 	0
0.240085 	1484 	-9.01537e-13 	0
0.240402 	1484 	-1.23774e-12 	0
0.240727 	1484 	-1.31315e-12 	0
0.241058 	1484 	-1.62731e-12 	0
0.241398 	1484 	-2.24666e-12 	0
0.241747 	1484 	-2.12693e-12 	0
0.242104 	1484 	-2.97619e-12 	0
0.242469 	1484 	-1.45014e-12 	0
0.242844 	1484 	-1.81927e-12 	0
0.243227 	1484 	-4.86645e-12 	0
0.24362 	1484 	-8.48788e-12 	0
0.244022 	1484 	-1.21884e-11 	0
0.244434 	1484 	-1.69486e-11 	0
0.244855 	1484 	-2.03316e-11 	0
0.245287 	1484 	-2.06458e-11 	0
0.245728 	1484 	-1.34061e-11 	0
0.246182 	1484 	1.96765e-11 	0
0.246646 	1484 	1.04713e-10 	0
0.24712 	1484 	2.90148e-10 	0
0.247605 	1484 	6.46709e-10 	0
0.248102 	1484 	1.27006e-09 	0
0.248612 	1484 	2.30855e-09 	0
0.249133 	1484 	3.96337e-09 	0
0.249667 	1484 	6.50967e-09 	0
0.250213 	1484 	1.02981e-08 	0
0.250772 	1484 	1.57759e-08 	0
0.251345 	1484 	2.34874e-08 	0
0.251931 	1484 	3.40945e-08 	0
0.252531 	1484 	4.83523e-08 	0
0.253145 	1484 	6.71337e-08 	0
0.253587 	1484 	8.34123e-08 	0
0.253906 	1484 	9.70016e-08 	0
0.254418 	1484 	1.21988e-07 	0
0.255076 	1484 	1.60107e-07 	0
0.25575 	1484 	2.06825e-07 	0
0.25644 	1484 	2.63158e-07 	0
0.257146 	1484 	3.30089e-07 	0
0.257868 	1484 	4.08452e-07 	0
0.258608 	1484 	4.98736e-07 	0
0.259364 	1484 	6.01301e-07 	0
0.260139 	1484 	7.16129e-07 	0
0.260931 	1484 	8.4278e-07 	0
0.261741 	1484 	9.80384e-07 	0
0.262571 	1484 	1.12731e-06 	0
0.263419 	1484 	1.28161e-06 	0
0.264287 	1484 	1.44082e-06 	0
0.265176 	1484 	1.60147e-06 	0
0.266085 	1484 	1.75965e-06 	0
0.267014 	1484 	1.91022e-06 	0
0.267965 	1484 	2.05366e-06 	0
0.268938 	1484 	2.19022e-06 	0
0.269932 	1484 	2.30375e-06 	0
0.27095 	1484 	2.38746e-06 	0
0.271991 	1484 	2.43256e-06 	0
0.273056 	1484 	2.43735e-06 	0
0.274145 	1484 	2.40258e-06 	0
0.275258 	1484 	2.33073e-06 	0
0.276397 	1484 	2.19342e-06 	0
0.277562 	1484 	1.98354e-06 	0
0.278752 	1484 	1.69889e-06 	0
0.279969 	1484 	1.33507e-06 	0
0.281073 	1484 	9.41574e-07 	0
0.281704 	1484 	6.97267e-07 	0
0.282492 	1484 	3.5374e-07 	0
0.283802 	1484 	-2.70771e-07 	0
0.285142 	1484 	-9.90733e-07 	0
0.286512 	1484 	-1.80687e-06 	0
0.287913 	1484 	-2.71562e-06 	0
0.289346 	1484 	-3.71032e-06 	0
0.290812 	1484 	-4.78245e-06 	0
0.29231 	1484 	-5.92227e-06 	0
0.293842 	1484 	-7.11727e-06 	0
0.295409 	1484 	-8.35524e-06 	0
0.29701 	1484 	-9.5722e-06 	0
0.298648 	1484 	-1.06527e-05 	0
0.300322 	1484 	-1.17006e-05 	0
0.302032 	1484 	-1.26966e-05 	0
0.303782 	1484 	-1.36193e-05 	0
0.305569 	1484 	-1.44491e-05 	0
0.307397 	1484 	-1.51654e-05 	0
0.309265 	1484 	-1.57477e-05 	0
0.310844 	1484 	-1.61221e-05 	0
0.311808 	1484 	-1.62924e-05 	0
0.313121 	1484 	-1.64504e-05 	0
0.315112 	1484 	-1.65379e-05 	0
0.317146 	1484 	-1.6426e-05 	0
0.319224 	1484 	-1.61015e-05 	0
0.321348 	1484 	-1.5559e-05 	0
0.323518 	1484 	-1.47877e-05 	0
0.325733 	1484 	-1.37823e-05 	0
0.327996 	1484 	-1.27532e-05 	0
0.330308 	1484 	-1.25748e-05 	0
0.332669 	1484 	-1.22841e-05 	0
0.33508 	1484 	-1.18796e-05 	0
0.337542 	1484 	-1.1367e-05 	0
0.340057 	1484 	-1.07444e-05 	0
0.342457 	1484 	-1.00675e-05 	0
0.343757 	1484 	-9.67185e-06 	0
0.345282 	1484 	-9.17957e-06 	0
0.348019 	1484 	-8.23674e-06 	0
0.350819 	1484 	-7.19403e-06 	0
0.35368 	1484 	-6.05738e-06 	0
0.356603 	1484 	-4.82622e-06 	0
0.359592 	1484 	-3.50525e-06 	0
0.362645 	1484 	-2.6541e-06 	0
0.365765 	1484 	-2.1339e-06 	0
0.368952 	1484 	-1.5882e-06 	0
0.372208 	1484 	-1.01715e-06 	0
0.375533 	1484 	-4.22142e-07 	0
0.377533 	1484 	-5.88496e-08 	0
