4.96314e-06 	22.7274 	-0.0143603 	0
1.48429e-05 	66.8823 	-0.0402746 	0
2.46948e-05 	109.708 	-0.064261 	0
3.46404e-05 	151.843 	-0.0901996 	0
4.47862e-05 	193.805 	-0.117309 	0
5.52311e-05 	235.955 	-0.145325 	0
6.60699e-05 	278.489 	-0.173693 	0
7.73965e-05 	321.422 	-0.201801 	0
8.93058e-05 	364.597 	-0.228939 	0
0.000101896 	407.719 	-0.254257 	0
0.000115268 	450.418 	-0.277266 	0
0.00012953 	492.308 	-0.297606 	0
0.000144795 	533.044 	-0.31465 	0
0.000161185 	572.342 	-0.328121 	0
0.000178829 	609.991 	-0.337738 	0
0.000197868 	645.841 	-0.343493 	0
0.00021845 	679.8 	-0.345566 	0
0.000240738 	711.822 	-0.343106 	0
0.000264909 	741.907 	-0.335496 	0
0.000291153 	770.121 	-0.323488 	0
0.000319676 	796.608 	-0.306314 	0
0.000350703 	821.596 	-0.283355 	0
0.000384479 	845.34 	-0.254795 	0
0.000421271 	868.026 	-0.220488 	0
0.000461366 	889.765 	-0.180835 	0
0.000505082 	910.636 	-0.136253 	0
0.000552762 	930.711 	-0.0873855 	0
0.000604783 	950.064 	-0.0350003 	0
0.000661554 	968.765 	0.0199327 	0
0.000723523 	986.891 	0.0762687 	0
0.000791177 	1004.51 	0.132789 	0
0.00086505 	1021.71 	0.188175 	0
0.000945722 	1038.55 	0.241268 	0
0.00103383 	1055.08 	0.291945 	0
0.00113007 	1071.39 	0.33601 	0
0.0012352 	1087.51 	0.374145 	0
0.00135004 	1103.51 	0.405148 	0
0.0014755 	1119.42 	0.428182 	0
0.00161258 	1135.3 	0.443046 	0
0.00176234 	1151.19 	0.450193 	0
0.00192597 	1167.14 	0.451645 	0
0.00210476 	1183.19 	0.447899 	0
0.00230012 	1199.36 	0.442028 	0
0.00251358 	1215.74 	0.439438 	0
0.00274683 	1232.34 	0.444579 	0
0.00300171 	1249.22 	0.468153 	0
0.00328023 	1266.43 	0.517122 	0
0.00358457 	1284.02 	0.601238 	0
0.00391714 	1302.04 	0.733028 	0
0.00428056 	1320.56 	0.915846 	0
0.00467769 	1339.62 	1.16912 	0
0.00511167 	1359.27 	1.50276 	0
0.00558591 	1379.49 	1.93296 	0
0.00610416 	1400.23 	2.47789 	0
0.0066705 	1421.32 	3.17877 	0
0.0072894 	1442.29 	4.0865 	0
0.00796574 	1461.44 	5.27761 	0
0.00855799 	1473.03 	6.45691 	0
0.00894392 	1477.85 	7.26415 	0
0.00951253 	1481.1 	8.24714 	0
0.0103952 	1482.47 	9.18295 	0
0.0113598 	1482.56 	9.43657 	0
0.0124139 	1482.56 	9.44763 	0
0.013566 	1482.6 	9.49119 	0
0.0148251 	1482.62 	9.71742 	0
0.0162011 	1482.66 	9.95563 	0
0.017705 	1482.69 	10.2032 	0
0.0193486 	1482.73 	10.2858 	0
0.0202967 	1482.75 	10.2927 	0
0.0212348 	1482.77 	10.2672 	0
0.0231084 	1482.79 	10.2162 	0
0.0252543 	1482.78 	10.2792 	0
0.0276001 	1482.8 	10.507 	0
0.0301448 	1482.82 	10.8574 	0
0.031484 	1482.82 	11.0188 	0
0.0329673 	1482.81 	11.1302 	0
0.0360314 	1482.8 	11.2444 	0
0.0393815 	1482.77 	11.174 	0
0.041589 	1482.73 	11.1093 	0
0.0435022 	1482.7 	11.0435 	0
0.0470499 	1482.69 	10.9147 	0
0.0506434 	1482.64 	11.1143 	0
0.0529317 	1482.64 	11.3135 	0
0.0562215 	1482.66 	11.6648 	0
0.0602482 	1482.64 	12.2123 	0
0.0629866 	1482.62 	12.5688 	0
0.0671978 	1482.6 	13.0471 	0
0.07057 	1482.59 	13.032 	0
0.0738498 	1482.59 	12.6273 	0
0.078218 	1482.71 	10.4418 	0
0.0818093 	1482.92 	8.39613 	0
0.0859665 	1483.3 	5.77337 	0
0.0899001 	1483.58 	3.64574 	0
0.0938543 	1483.79 	1.74268 	0
0.098165 	1483.93 	0.511969 	0
0.101925 	1483.97 	0.254511 	0
0.106651 	1484 	0.0205692 	0
0.110224 	1484 	0.0123994 	0
0.113967 	1484 	0.00307274 	0
0.118805 	1484 	0.000107529 	0
0.122029 	1484 	6.41533e-05 	0
0.126872 	1484 	-6.07637e-07 	0
0.130784 	1484 	-5.28317e-07 	0
0.133691 	1484 	-4.04047e-07 	0
0.138506 	1484 	-1.18128e-07 	0
0.142708 	1484 	-9.68913e-08 	0
0.145325 	1484 	-7.46684e-08 	0
0.148982 	1484 	-3.13204e-08 	0
0.15382 	1484 	-1.71157e-09 	0
0.15705 	1484 	-2.21611e-09 	0
0.159283 	1484 	-2.18981e-09 	0
0.16276 	1484 	-1.24159e-09 	0
0.166887 	1484 	3.62748e-10 	0
0.1708 	1484 	3.12961e-10 	0
0.172904 	1484 	2.63304e-10 	0
0.174709 	1484 	2.11296e-10 	0
0.178025 	1484 	1.19352e-10 	0
0.181359 	1484 	4.77567e-11 	0
0.184518 	1484 	4.10402e-11 	0
0.187512 	1484 	3.40499e-11 	0
0.189414 	1484 	2.92774e-11 	0
0.190794 	1484 	2.57429e-11 	0
0.193039 	1484 	1.99607e-11 	0
0.195586 	1484 	1.33288e-11 	0
0.197999 	1484 	7.2448e-12 	0
0.200286 	1484 	4.63468e-12 	0
0.202452 	1484 	4.05926e-12 	0
0.204504 	1484 	3.65539e-12 	0
0.206447 	1484 	3.18197e-12 	0
0.207887 	1484 	2.75083e-12 	0
0.208782 	1484 	2.46988e-12 	0
0.21003 	1484 	2.09715e-12 	0
0.21168 	1484 	1.6362e-12 	0
0.213242 	1484 	1.32816e-12 	0
0.214721 	1484 	9.49588e-13 	0
0.216122 	1484 	6.31386e-13 	0
0.217447 	1484 	4.15843e-13 	0
0.218702 	1484 	2.94161e-13 	0
0.219889 	1484 	1.94864e-13 	0
0.221014 	1484 	1.75342e-13 	0
0.222078 	1484 	1.38594e-13 	0
0.223085 	1484 	-2.60902e-14 	0
0.224038 	1484 	-1.40989e-13 	0
0.22494 	1484 	-5.34429e-14 	0
0.225793 	1484 	-1.38149e-13 	0
0.2266 	1484 	-1.19412e-13 	0
0.227363 	1484 	-2.06362e-13 	0
0.228086 	1484 	-2.62514e-13 	0
0.228681 	1484 	-2.5306e-13 	0
0.229013 	1484 	-2.55437e-13 	0
0.229416 	1484 	-2.7046e-13 	0
0.230028 	1484 	-2.87307e-13 	0
0.230607 	1484 	-3.11754e-13 	0
0.231154 	1484 	-3.79534e-13 	0
0.231672 	1484 	-4.42136e-13 	0
0.232161 	1484 	-4.45727e-13 	0
0.232625 	1484 	-5.59372e-13 	0
0.233063 	1484 	-5.89186e-13 	0
0.233478 	1484 	-5.4337e-13 	0
0.23387 	1484 	-5.37154e-13 	0
0.234241 	1484 	-5.40975e-13 	0
0.234591 	1484 	-4.33548e-13 	0
0.234924 	1484 	-3.94305e-13 	0
0.235237 	1484 	-2.85527e-13 	0
0.235535 	1484 	-2.01992e-13 	0
0.235816 	1484 	-1.92003e-13 	0
0.236082 	1484 	-2.2072e-13 	0
0.236335 	1484 	-2.296e-13 	0
0.236575 	1484 	-2.32853e-13 	0
0.236811 	1484 	-2.93511e-13 	0
0.237052 	1484 	-2.7782e-13 	0
0.237298 	1484 	-2.61174e-13 	0
0.237548 	1484 	-1.9967e-13 	0
0.237805 	1484 	-2.03133e-13 	0
0.238067 	1484 	-1.44812e-13 	0
0.238335 	1484 	-1.54152e-13 	0
0.23861 	1484 	-2.77438e-13 	0
0.238891 	1484 	-1.60486e-13 	0
0.239179 	1484 	-1.4019e-13 	0
0.239474 	1484 	-2.49067e-13 	0
0.239775 	1484 	-5.15677e-13 	0
0.240085 	1484 	-5.47844e-13 	0
0.240402 	1484 	-6.64975e-13 	0
0.240727 	1484 	-8.53938e-13 	0
0.241058 	1484 	-1.11358e-12 	0
0.241398 	1484 	-1.51156e-12 	0
0.241747 	1484 	-1.18662e-12 	0
0.242104 	1484 	-1.43494e-12 	0
0.242469 	1484 	-8.67262e-13 	0
0.242844 	1484 	-1.47522e-12 	0
0.243227 	1484 	-4.47881e-12 	0
0.24362 	1484 	-8.07317e-12 	0
0.244022 	1484 	-1.35817e-11 	0
0.244434 	1484 	-1.62247e-11 	0
0.244855 	1484 	-1.7881e-11 	0
0.245287 	1484 	-1.95641e-11 	0
0.245728 	1484 	-1.48948e-11 	0
0.246182 	1484 	2.09836e-11 	0
0.246646 	1484 	1.09726e-10 	0
0.24712 	1484 	2.96508e-10 	0
0.247605 	1484 	6.51908e-10 	0
0.248102 	1484 	1.27989e-09 	0
0.248612 	1484 	2.32418e-09 	0
0.249133 	1484 	3.9847e-09 	0
0.249667 	1484 	6.53698e-09 	0
0.250213 	1484 	1.03367e-08 	0
0.250772 	1484 	1.58282e-08 	0
0.251345 	1484 	2.35559e-08 	0
0.251931 	1484 	3.41823e-08 	0
0.252531 	1484 	4.84626e-08 	0
0.253145 	1484 	6.72665e-08 	0
0.253587 	1484 	8.35613e-08 	0
0.253906 	1484 	9.7163e-08 	0
0.254418 	1484 	1.2217e-07 	0
0.255076 	1484 	1.60313e-07 	0
0.25575 	1484 	2.07052e-07 	0
0.25644 	1484 	2.634e-07 	0
0.257146 	1484 	3.30338e-07 	0
0.257868 	1484 	4.08701e-07 	0
0.258608 	1484 	4.98972e-07 	0
0.259364 	1484 	6.01502e-07 	0
0.260139 	1484 	7.16272e-07 	0
0.260931 	1484 	8.42835e-07 	0
0.261741 	1484 	9.80314e-07 	0
0.262571 	1484 	1.12708e-06 	0
0.263419 	1484 	1.28117e-06 	0
0.264287 	1484 	1.44011e-06 	0
0.265176 	1484 	1.60047e-06 	0
0.266085 	1484 	1.75825e-06 	0
0.267014 	1484 	1.90834e-06 	0
0.267965 	1484 	2.05123e-06 	0
0.268938 	1484 	2.18707e-06 	0
0.269932 	1484 	2.2999e-06 	0
0.27095 	1484 	2.38256e-06 	0
0.271991 	1484 	2.42663e-06 	0
0.273056 	1484 	2.43055e-06 	0
0.274145 	1484 	2.3948e-06 	0
0.275258 	1484 	2.32197e-06 	0
0.276397 	1484 	2.183e-06 	0
0.277562 	1484 	1.97148e-06 	0
0.278752 	1484 	1.68515e-06 	0
0.279969 	1484 	1.31955e-06 	0
0.281073 	1484 	9.24371e-07 	0
0.281704 	1484 	6.79079e-07 	0
0.282492 	1484 	3.34277e-07 	0
0.283802 	1484 	-2.92403e-07 	0
0.285142 	1484 	-1.01463e-06 	0
0.286512 	1484 	-1.83308e-06 	0
0.287913 	1484 	-2.7441e-06 	0
0.289346 	1484 	-3.74104e-06 	0
0.290812 	1484 	-4.81533e-06 	0
0.29231 	1484 	-5.95726e-06 	0
0.293842 	1484 	-7.15423e-06 	0
0.295409 	1484 	-8.39407e-06 	0
0.29701 	1484 	-9.61261e-06 	0
0.298648 	1484 	-1.0694e-05 	0
0.300322 	1484 	-1.17426e-05 	0
0.302032 	1484 	-1.2739e-05 	0
0.303782 	1484 	-1.36618e-05 	0
0.305569 	1484 	-1.44915e-05 	0
0.307397 	1484 	-1.52073e-05 	0
0.309265 	1484 	-1.57889e-05 	0
0.310844 	1484 	-1.61624e-05 	0
0.311808 	1484 	-1.63321e-05 	0
0.313121 	1484 	-1.64893e-05 	0
0.315112 	1484 	-1.65752e-05 	0
0.317146 	1484 	-1.64617e-05 	0
0.319224 	1484 	-1.61352e-05 	0
0.321348 	1484 	-1.55907e-05 	0
0.323518 	1484 	-1.48172e-05 	0
0.325733 	1484 	-1.38092e-05 	0
0.327996 	1484 	-1.27776e-05 	0
0.330308 	1484 	-1.25978e-05 	0
0.332669 	1484 	-1.23057e-05 	0
0.33508 	1484 	-1.18998e-05 	0
0.337542 	1484 	-1.13857e-05 	0
0.340057 	1484 	-1.07613e-05 	0
0.342457 	1484 	-1.00828e-05 	0
0.343757 	1484 	-9.68633e-06 	0
0.345282 	1484 	-9.19308e-06 	0
0.348019 	1484 	-8.24859e-06 	0
0.350819 	1484 	-7.20432e-06 	0
0.35368 	1484 	-6.06559e-06 	0
0.356603 	1484 	-4.83259e-06 	0
0.359592 	1484 	-3.50986e-06 	0
0.362645 	1484 	-2.65693e-06 	0
0.365765 	1484 	-2.13613e-06 	0
0.368952 	1484 	-1.58982e-06 	0
0.372208 	1484 	-1.01821e-06 	0
0.375533 	1484 	-4.22579e-07 	0
0.377533 	1484 	-5.89101e-08 	0
