-2.71241830065359e-002    0.00000000000000e+000
-2.47106071344200e-002   -2.61437908496732e-001
-2.17143082132451e-002    7.84313725490196e-001
-1.93086069769273e-002    1.04575163398693e+000
-1.75092526970628e-002    1.56862745098039e+000
-1.45090164579888e-002    2.35294117647059e+000
-1.15127175368139e-002    3.39869281045752e+000
-9.11489093629420e-003    4.18300653594771e+000
-7.30372470273250e-003    3.92156862745098e+000
-4.29955114575951e-003    4.44444444444444e+000
 1.69698401448933e-003    6.27450980392157e+000
 4.66178439247185e-003    9.41176470588235e+000
 8.24080636270572e-003    1.17647058823529e+001
 1.11465469722025e-002    1.88235294117647e+001
 1.40404756280022e-002    2.66666666666667e+001
 1.66469800771714e-002    5.35947712418301e+001
 1.95172848255768e-002    6.30065359477124e+001
 2.93290810300024e-002    5.15032679738562e+001
 3.48137648633751e-002    4.73202614379085e+001
 3.84400346483975e-002    4.65359477124183e+001
