-6.68674698795181e-002    9.72972972972973e-001
-5.78313253012048e-002    9.72972972972973e-001
-5.12048192771084e-002    9.72972972972973e-001
-4.69879518072289e-002    9.72972972972973e-001
-4.21686746987952e-002    9.72972972972973e-001
-3.73493975903614e-002    9.72972972972973e-001
-3.31325301204819e-002    8.10810810810811e-001
-2.95180722891566e-002    1.45945945945946e+000
-2.53012048192771e-002    1.62162162162162e+000
-2.10843373493976e-002    2.10810810810811e+000
-1.74698795180723e-002    2.10810810810811e+000
-1.20481927710843e-002    1.94594594594595e+000
-6.02409638554217e-003    1.45945945945946e+000
-2.40963855421687e-003    1.94594594594595e+000
 3.01204819277109e-003    3.08108108108108e+000
 7.22891566265060e-003    5.83783783783784e+000
 1.20481927710843e-002    1.00540540540541e+001
 1.50602409638554e-002    1.13513513513514e+001
 1.68674698795181e-002    1.44324324324324e+001
 1.98795180722892e-002    1.81621621621622e+001
 2.22891566265060e-002    2.14054054054054e+001
 2.53012048192771e-002    2.67567567567568e+001
 2.65060240963855e-002    2.82162162162162e+001
 3.07228915662651e-002    2.98378378378378e+001
 3.25301204819277e-002    2.43243243243243e+001
 3.61445783132530e-002    2.43243243243243e+001
 3.67469879518072e-002    2.20540540540541e+001
 4.21686746987952e-002    2.04324324324324e+001
 4.69879518072289e-002    2.12432432432432e+001
 5.30120481927711e-002    2.14054054054054e+001
 7.10843373493976e-002    1.91351351351351e+001
