4.96314e-06 	28.8154 	-0.0176672 	0
1.48429e-05 	84.5948 	-0.0470043 	0
2.46948e-05 	138.581 	-0.0720587 	0
3.46404e-05 	191.609 	-0.0970323 	0
4.47862e-05 	244.108 	-0.122479 	0
5.52311e-05 	295.95 	-0.148628 	0
6.60699e-05 	346.506 	-0.17544 	0
7.73965e-05 	394.923 	-0.202627 	0
8.93058e-05 	440.515 	-0.230012 	0
0.000101896 	482.966 	-0.257405 	0
0.000115268 	522.335 	-0.284174 	0
0.00012953 	558.987 	-0.309725 	0
0.000144795 	593.275 	-0.333383 	0
0.000161185 	625.397 	-0.354466 	0
0.000178829 	655.527 	-0.372222 	0
0.000197868 	683.85 	-0.38604 	0
0.00021845 	710.539 	-0.394917 	0
0.000240738 	735.759 	-0.398973 	0
0.000264909 	759.661 	-0.396468 	0
0.000291153 	782.398 	-0.38695 	0
0.000319676 	804.145 	-0.370796 	0
0.000350703 	825.067 	-0.34686 	0
0.000384479 	845.279 	-0.315317 	0
0.000421271 	864.86 	-0.276052 	0
0.000461366 	883.88 	-0.229257 	0
0.000505082 	902.397 	-0.175419 	0
0.000552762 	920.466 	-0.115054 	0
0.000604783 	938.134 	-0.0489711 	0
0.000661554 	955.443 	0.022037 	0
0.000723523 	972.432 	0.0967682 	0
0.000791177 	989.138 	0.173606 	0
0.00086505 	1005.59 	0.250969 	0
0.000945722 	1021.83 	0.327429 	0
0.00103383 	1037.87 	0.401423 	0
0.00113007 	1053.76 	0.471118 	0
0.0012352 	1069.51 	0.535398 	0
0.00135004 	1085.15 	0.59319 	0
0.0014755 	1100.72 	0.643802 	0
0.00161258 	1116.24 	0.687032 	0
0.00176234 	1131.73 	0.723447 	0
0.00192597 	1147.24 	0.754483 	0
0.00210476 	1162.8 	0.782686 	0
0.00230012 	1178.44 	0.811896 	0
0.00251358 	1194.21 	0.846734 	0
0.00274683 	1210.13 	0.89252 	0
0.00300171 	1226.29 	0.955847 	0
0.00328023 	1242.75 	1.04452 	0
0.00358457 	1259.68 	1.16743 	0
0.00391714 	1277.22 	1.33386 	0
0.00428056 	1295.54 	1.55529 	0
0.00467769 	1314.76 	1.8374 	0
0.00511167 	1334.96 	2.19525 	0
0.00558591 	1356.07 	2.63647 	0
0.00610416 	1377.72 	3.1752 	0
0.0066705 	1399.27 	3.80955 	0
0.0072894 	1420.33 	4.55727 	0
0.00796574 	1440.99 	5.52765 	0
0.00855799 	1456.75 	6.59437 	0
0.00894392 	1465.62 	7.40144 	0
0.00951253 	1474.41 	8.69581 	0
0.0103952 	1480.98 	10.6141 	0
0.0113598 	1482.3 	12.0247 	0
0.0124139 	1482.36 	12.3926 	0
0.013566 	1482.37 	12.4872 	0
0.0148251 	1482.37 	12.7259 	0
0.0162011 	1482.39 	12.8338 	0
0.017705 	1482.41 	12.857 	0
0.0193486 	1482.4 	12.6712 	0
0.0202967 	1482.41 	12.5839 	0
0.0212348 	1482.41 	12.5419 	0
0.0231084 	1482.41 	12.5231 	0
0.0252543 	1482.43 	12.7164 	0
0.0276001 	1482.41 	13.1715 	0
0.0301448 	1482.49 	13.5546 	0
0.031484 	1482.51 	13.7523 	0
0.0329673 	1482.5 	13.9197 	0
0.0360314 	1482.47 	14.1102 	0
0.0393815 	1482.48 	13.9492 	0
0.041589 	1482.42 	13.8117 	0
0.0435022 	1482.38 	13.6807 	0
0.0470499 	1482.37 	13.4281 	0
0.0506434 	1482.32 	13.6519 	0
0.0529317 	1482.31 	13.8501 	0
0.0562215 	1482.32 	14.1975 	0
0.0602482 	1482.31 	14.887 	0
0.0629866 	1482.32 	15.2801 	0
0.0671978 	1482.34 	15.7405 	0
0.07057 	1482.28 	15.6342 	0
0.0738498 	1482.26 	15.0967 	0
0.078218 	1482.47 	12.4766 	0
0.0818093 	1482.74 	9.97612 	0
0.0859665 	1483.2 	6.68184 	0
0.0899001 	1483.53 	4.11373 	0
0.0938543 	1483.77 	1.9561 	0
0.098165 	1483.92 	0.563698 	0
0.101925 	1483.97 	0.280047 	0
0.106651 	1484 	0.0222309 	0
0.110224 	1484 	0.0133538 	0
0.113967 	1484 	0.0033413 	0
0.118805 	1484 	0.000157353 	0
0.122029 	1484 	9.16601e-05 	0
0.126872 	1484 	3.19895e-07 	0
0.130784 	1484 	2.4026e-07 	0
0.133691 	1484 	1.55277e-07 	0
0.138506 	1484 	-1.21531e-08 	0
0.142708 	1484 	-8.24052e-09 	0
0.145325 	1484 	-6.02071e-09 	0
0.148982 	1484 	-3.31185e-09 	0
0.15382 	1484 	-1.53587e-09 	0
0.15705 	1484 	-1.05291e-09 	0
0.159283 	1484 	-7.57347e-10 	0
0.16276 	1484 	-3.59056e-10 	0
0.166887 	1484 	-8.37375e-11 	0
0.1708 	1484 	-6.48367e-11 	0
0.172904 	1484 	-5.33427e-11 	0
0.174709 	1484 	-4.26323e-11 	0
0.178025 	1484 	-2.16788e-11 	0
0.181359 	1484 	-5.72125e-15 	0
0.184518 	1484 	5.74529e-13 	0
0.187512 	1484 	4.10092e-13 	0
0.189414 	1484 	4.29577e-13 	0
0.190794 	1484 	3.27036e-13 	0
0.193039 	1484 	2.9739e-13 	0
0.195586 	1484 	4.17382e-13 	0
0.197999 	1484 	4.91702e-13 	0
0.200286 	1484 	5.54111e-13 	0
0.202452 	1484 	5.73601e-13 	0
0.204504 	1484 	5.28529e-13 	0
0.206447 	1484 	6.52376e-13 	0
0.207887 	1484 	6.96477e-13 	0
0.208782 	1484 	6.71196e-13 	0
0.21003 	1484 	5.89833e-13 	0
0.21168 	1484 	4.17328e-13 	0
0.213242 	1484 	2.86974e-13 	0
0.214721 	1484 	1.47182e-13 	0
0.216122 	1484 	2.66131e-14 	0
0.217447 	1484 	-1.37548e-13 	0
0.218702 	1484 	-2.04221e-13 	0
0.219889 	1484 	-2.0918e-13 	0
0.221014 	1484 	-2.0421e-13 	0
0.222078 	1484 	-7.56037e-14 	0
0.223085 	1484 	-1.24457e-13 	0
0.224038 	1484 	-5.51283e-14 	0
0.22494 	1484 	1.16388e-14 	0
0.225793 	1484 	2.13447e-14 	0
0.2266 	1484 	9.33615e-15 	0
0.227363 	1484 	-1.44062e-14 	0
0.228086 	1484 	1.42609e-14 	0
0.228681 	1484 	1.19632e-14 	0
0.229013 	1484 	-2.1716e-15 	0
0.229416 	1484 	2.89279e-14 	0
0.230028 	1484 	5.06262e-14 	0
0.230607 	1484 	2.80717e-14 	0
0.231154 	1484 	1.46946e-14 	0
0.231672 	1484 	5.96791e-14 	0
0.232161 	1484 	7.22409e-14 	0
0.232625 	1484 	-4.7787e-14 	0
0.233063 	1484 	-2.30485e-13 	0
0.233478 	1484 	-4.51463e-13 	0
0.23387 	1484 	-5.07131e-13 	0
0.234241 	1484 	-6.33804e-13 	0
0.234591 	1484 	-5.69489e-13 	0
0.234924 	1484 	-7.14106e-13 	0
0.235237 	1484 	-7.92023e-13 	0
0.235535 	1484 	-7.47088e-13 	0
0.235816 	1484 	-7.06843e-13 	0
0.236082 	1484 	-7.42685e-13 	0
0.236335 	1484 	-6.49294e-13 	0
0.236575 	1484 	-6.79912e-13 	0
0.236811 	1484 	-7.4291e-13 	0
0.237052 	1484 	-7.14494e-13 	0
0.237298 	1484 	-7.53408e-13 	0
0.237548 	1484 	-7.33675e-13 	0
0.237805 	1484 	-7.19576e-13 	0
0.238067 	1484 	-7.92948e-13 	0
0.238335 	1484 	-7.05972e-13 	0
0.23861 	1484 	-6.56514e-13 	0
0.238891 	1484 	-6.81035e-13 	0
0.239179 	1484 	-8.74408e-13 	0
0.239474 	1484 	-7.93981e-13 	0
0.239775 	1484 	-7.02047e-13 	0
0.240085 	1484 	-6.98589e-13 	0
0.240402 	1484 	-7.51117e-13 	0
0.240727 	1484 	-8.70003e-13 	0
0.241058 	1484 	-1.08964e-12 	0
0.241398 	1484 	-1.25279e-12 	0
0.241747 	1484 	-1.4921e-12 	0
0.242104 	1484 	-2.17942e-12 	0
0.242469 	1484 	-9.70499e-13 	0
0.242844 	1484 	-1.42595e-12 	0
0.243227 	1484 	-4.4756e-12 	0
0.24362 	1484 	-7.83264e-12 	0
0.244022 	1484 	-1.03527e-11 	0
0.244434 	1484 	-1.65167e-11 	0
0.244855 	1484 	-2.16209e-11 	0
0.245287 	1484 	-2.26832e-11 	0
0.245728 	1484 	-1.45522e-11 	0
0.246182 	1484 	2.05461e-11 	0
0.246646 	1484 	1.06205e-10 	0
0.24712 	1484 	2.90289e-10 	0
0.247605 	1484 	6.42036e-10 	0
0.248102 	1484 	1.25943e-09 	0
0.248612 	1484 	2.29002e-09 	0
0.249133 	1484 	3.93302e-09 	0
0.249667 	1484 	6.46072e-09 	0
0.250213 	1484 	1.02246e-08 	0
0.250772 	1484 	1.56676e-08 	0
0.251345 	1484 	2.33332e-08 	0
0.251931 	1484 	3.38809e-08 	0
0.252531 	1484 	4.80621e-08 	0
0.253145 	1484 	6.6745e-08 	0
0.253587 	1484 	8.29412e-08 	0
0.253906 	1484 	9.64644e-08 	0
0.254418 	1484 	1.21334e-07 	0
0.255076 	1484 	1.5928e-07 	0
0.25575 	1484 	2.05792e-07 	0
0.25644 	1484 	2.61886e-07 	0
0.257146 	1484 	3.28545e-07 	0
0.257868 	1484 	4.06607e-07 	0
0.258608 	1484 	4.96557e-07 	0
0.259364 	1484 	5.98757e-07 	0
0.260139 	1484 	7.13194e-07 	0
0.260931 	1484 	8.39428e-07 	0
0.261741 	1484 	9.76596e-07 	0
0.262571 	1484 	1.12308e-06 	0
0.263419 	1484 	1.27693e-06 	0
0.264287 	1484 	1.43569e-06 	0
0.265176 	1484 	1.59591e-06 	0
0.266085 	1484 	1.75366e-06 	0
0.267014 	1484 	1.90385e-06 	0
0.267965 	1484 	2.04691e-06 	0
0.268938 	1484 	2.18312e-06 	0
0.269932 	1484 	2.29634e-06 	0
0.27095 	1484 	2.37977e-06 	0
0.271991 	1484 	2.42468e-06 	0
0.273056 	1484 	2.42937e-06 	0
0.274145 	1484 	2.39455e-06 	0
0.275258 	1484 	2.32267e-06 	0
0.276397 	1484 	2.18533e-06 	0
0.277562 	1484 	1.97551e-06 	0
0.278752 	1484 	1.69098e-06 	0
0.279969 	1484 	1.32732e-06 	0
0.281073 	1484 	9.33985e-07 	0
0.281704 	1484 	6.89769e-07 	0
0.282492 	1484 	3.4636e-07 	0
0.283802 	1484 	-2.77962e-07 	0
0.285142 	1484 	-9.97736e-07 	0
0.286512 	1484 	-1.81369e-06 	0
0.287913 	1484 	-2.72226e-06 	0
0.289346 	1484 	-3.71682e-06 	0
0.290812 	1484 	-4.78883e-06 	0
0.29231 	1484 	-5.92861e-06 	0
0.293842 	1484 	-7.12361e-06 	0
0.295409 	1484 	-8.36168e-06 	0
0.29701 	1484 	-9.57873e-06 	0
0.298648 	1484 	-1.06591e-05 	0
0.300322 	1484 	-1.1707e-05 	0
0.302032 	1484 	-1.2703e-05 	0
0.303782 	1484 	-1.36257e-05 	0
0.305569 	1484 	-1.44557e-05 	0
0.307397 	1484 	-1.51721e-05 	0
0.309265 	1484 	-1.57546e-05 	0
0.310844 	1484 	-1.61291e-05 	0
0.311808 	1484 	-1.62995e-05 	0
0.313121 	1484 	-1.64577e-05 	0
0.315112 	1484 	-1.65455e-05 	0
0.317146 	1484 	-1.6434e-05 	0
0.319224 	1484 	-1.61097e-05 	0
0.321348 	1484 	-1.55674e-05 	0
0.323518 	1484 	-1.47962e-05 	0
0.325733 	1484 	-1.37909e-05 	0
0.327996 	1484 	-1.27619e-05 	0
0.330308 	1484 	-1.25832e-05 	0
0.332669 	1484 	-1.22921e-05 	0
0.33508 	1484 	-1.18874e-05 	0
0.337542 	1484 	-1.13747e-05 	0
0.340057 	1484 	-1.07518e-05 	0
0.342457 	1484 	-1.00747e-05 	0
0.343757 	1484 	-9.67891e-06 	0
0.345282 	1484 	-9.18632e-06 	0
0.348019 	1484 	-8.24281e-06 	0
0.350819 	1484 	-7.19935e-06 	0
0.35368 	1484 	-6.0611e-06 	0
0.356603 	1484 	-4.82932e-06 	0
0.359592 	1484 	-3.5078e-06 	0
0.362645 	1484 	-2.65492e-06 	0
0.365765 	1484 	-2.13465e-06 	0
0.368952 	1484 	-1.58885e-06 	0
0.372208 	1484 	-1.01765e-06 	0
0.375533 	1484 	-4.22357e-07 	0
0.377533 	1484 	-5.88787e-08 	0
