4.96314e-06 	28.2651 	-0.00885333 	0
1.48429e-05 	83.0152 	-0.0234626 	0
2.46948e-05 	136.033 	-0.0351638 	0
3.46404e-05 	188.129 	-0.0470511 	0
4.47862e-05 	239.716 	-0.059508 	0
5.52311e-05 	290.669 	-0.0728491 	0
6.60699e-05 	340.378 	-0.0870337 	0
7.73965e-05 	388.02 	-0.101798 	0
8.93058e-05 	432.938 	-0.116802 	0
0.000101896 	474.84 	-0.1317 	0
0.000115268 	513.816 	-0.145987 	0
0.00012953 	550.229 	-0.159129 	0
0.000144795 	584.406 	-0.170682 	0
0.000161185 	616.528 	-0.180305 	0
0.000178829 	646.763 	-0.187721 	0
0.000197868 	675.28 	-0.192673 	0
0.00021845 	702.246 	-0.194991 	0
0.000240738 	727.815 	-0.194731 	0
0.000264909 	752.126 	-0.191579 	0
0.000291153 	775.312 	-0.185218 	0
0.000319676 	797.504 	-0.175608 	0
0.000350703 	818.84 	-0.16252 	0
0.000384479 	839.46 	-0.145755 	0
0.000421271 	859.464 	-0.125205 	0
0.000461366 	878.921 	-0.100761 	0
0.000505082 	897.883 	-0.0736753 	0
0.000552762 	916.402 	-0.0409792 	0
0.000604783 	934.522 	-0.00469801 	0
0.000661554 	952.284 	0.0353437 	0
0.000723523 	969.723 	0.0795377 	0
0.000791177 	986.873 	0.127419 	0
0.00086505 	1003.76 	0.178797 	0
0.000945722 	1020.43 	0.2333 	0
0.00103383 	1036.89 	0.290582 	0
0.00113007 	1053.19 	0.350269 	0
0.0012352 	1069.34 	0.41193 	0
0.00135004 	1085.36 	0.475133 	0
0.0014755 	1101.3 	0.539508 	0
0.00161258 	1117.17 	0.604803 	0
0.00176234 	1133.02 	0.670991 	0
0.00192597 	1148.85 	0.738234 	0
0.00210476 	1164.72 	0.807156 	0
0.00230012 	1180.66 	0.878606 	0
0.00251358 	1196.7 	0.953369 	0
0.00274683 	1212.9 	1.03784 	0
0.00300171 	1229.32 	1.12533 	0
0.00328023 	1246.06 	1.2287 	0
0.00358457 	1263.29 	1.35209 	0
0.00391714 	1281.1 	1.50118 	0
0.00428056 	1299.64 	1.68686 	0
0.00467769 	1319 	1.92167 	0
0.00511167 	1339.29 	2.22772 	0
0.00558591 	1360.41 	2.62937 	0
0.00610416 	1381.94 	3.16374 	0
0.0066705 	1403.2 	3.84271 	0
0.0072894 	1423.93 	4.70575 	0
0.00796574 	1444.22 	5.86937 	0
0.00855799 	1459.47 	7.12681 	0
0.00894392 	1467.84 	8.05224 	0
0.00951253 	1475.82 	9.45714 	0
0.0103952 	1481.47 	11.3695 	0
0.0113598 	1482.53 	12.4993 	0
0.0124139 	1482.61 	12.6896 	0
0.013566 	1482.61 	12.5198 	0
0.0148251 	1482.61 	12.4999 	0
0.0162011 	1482.63 	12.6053 	0
0.017705 	1482.62 	12.8906 	0
0.0193486 	1482.63 	13.0545 	0
0.0202967 	1482.63 	13.1663 	0
0.0212348 	1482.63 	13.2675 	0
0.0231084 	1482.6 	13.3706 	0
0.0252543 	1482.59 	13.3083 	0
0.0276001 	1482.57 	13.1662 	0
0.0301448 	1482.49 	12.9263 	0
0.031484 	1482.45 	12.8554 	0
0.0329673 	1482.44 	12.8666 	0
0.0360314 	1482.45 	12.9951 	0
0.0393815 	1482.4 	13.2464 	0
0.041589 	1482.39 	13.3852 	0
0.0435022 	1482.4 	13.4891 	0
0.0470499 	1482.42 	13.6595 	0
0.0506434 	1482.42 	13.9518 	0
0.0529317 	1482.44 	14.1357 	0
0.0562215 	1482.48 	14.3874 	0
0.0602482 	1482.38 	14.6659 	0
0.0629866 	1482.37 	14.813 	0
0.0671978 	1482.38 	14.943 	0
0.07057 	1482.15 	14.5855 	0
0.0738498 	1482.05 	14.1417 	0
0.078218 	1482.53 	12.9993 	0
0.0818093 	1482.89 	10.9512 	0
0.0859665 	1483.21 	6.69758 	0
0.0899001 	1483.48 	3.73697 	0
0.0938543 	1483.75 	1.82483 	0
0.098165 	1483.92 	0.574819 	0
0.101925 	1483.96 	0.284843 	0
0.106651 	1484 	0.0198012 	0
0.110224 	1484 	0.0119402 	0
0.113967 	1484 	0.00299537 	0
0.118805 	1484 	0.000133336 	0
0.122029 	1484 	7.69357e-05 	0
0.126872 	1484 	2.89934e-07 	0
0.130784 	1484 	6.44617e-08 	0
0.133691 	1484 	-5.03891e-08 	0
0.138506 	1484 	-1.32446e-07 	0
0.142708 	1484 	-9.85245e-08 	0
0.145325 	1484 	-7.69383e-08 	0
0.148982 	1484 	-4.66665e-08 	0
0.15382 	1484 	-2.44074e-08 	0
0.15705 	1484 	-1.79154e-08 	0
0.159283 	1484 	-1.34376e-08 	0
0.16276 	1484 	-6.73881e-09 	0
0.166887 	1484 	-1.70326e-09 	0
0.1708 	1484 	-1.30219e-09 	0
0.172904 	1484 	-1.05843e-09 	0
0.174709 	1484 	-8.4268e-10 	0
0.178025 	1484 	-4.45295e-10 	0
0.181359 	1484 	-6.19412e-11 	0
0.184518 	1484 	-4.99257e-11 	0
0.187512 	1484 	-4.37149e-11 	0
0.189414 	1484 	-3.78238e-11 	0
0.190794 	1484 	-3.2948e-11 	0
0.193039 	1484 	-2.46168e-11 	0
0.195586 	1484 	-1.5137e-11 	0
0.197999 	1484 	-6.34703e-12 	0
0.200286 	1484 	-2.68235e-12 	0
0.202452 	1484 	-2.30776e-12 	0
0.204504 	1484 	-1.90198e-12 	0
0.206447 	1484 	-1.53817e-12 	0
0.207887 	1484 	-1.23281e-12 	0
0.208782 	1484 	-1.06799e-12 	0
0.21003 	1484 	-8.63493e-13 	0
0.21168 	1484 	-5.44396e-13 	0
0.213242 	1484 	-4.06253e-13 	0
0.214721 	1484 	-3.3199e-13 	0
0.216122 	1484 	-1.02716e-13 	0
0.217447 	1484 	7.28248e-14 	0
0.218702 	1484 	1.50776e-13 	0
0.219889 	1484 	-1.81869e-14 	0
0.221014 	1484 	-5.99753e-14 	0
0.222078 	1484 	-1.45784e-13 	0
0.223085 	1484 	-7.98037e-14 	0
0.224038 	1484 	-3.01944e-13 	0
0.22494 	1484 	-3.65568e-13 	0
0.225793 	1484 	-3.73319e-13 	0
0.2266 	1484 	-3.64529e-13 	0
0.227363 	1484 	-3.44073e-13 	0
0.228086 	1484 	-2.52639e-13 	0
0.228681 	1484 	-2.17866e-13 	0
0.229013 	1484 	-2.2258e-13 	0
0.229416 	1484 	-2.1308e-13 	0
0.230028 	1484 	-1.961e-13 	0
0.230607 	1484 	-2.35264e-13 	0
0.231154 	1484 	-2.341e-13 	0
0.231672 	1484 	-2.08624e-13 	0
0.232161 	1484 	-1.98986e-13 	0
0.232625 	1484 	-1.77792e-13 	0
0.233063 	1484 	-2.37023e-13 	0
0.233478 	1484 	-1.43896e-13 	0
0.23387 	1484 	-1.64653e-13 	0
0.234241 	1484 	-3.17083e-13 	0
0.234591 	1484 	-1.97988e-13 	0
0.234924 	1484 	-2.65484e-13 	0
0.235237 	1484 	-4.64889e-13 	0
0.235535 	1484 	-5.70363e-13 	0
0.235816 	1484 	-7.22209e-13 	0
0.236082 	1484 	-9.1002e-13 	0
0.236335 	1484 	-9.62606e-13 	0
0.236575 	1484 	-9.87837e-13 	0
0.236811 	1484 	-9.6808e-13 	0
0.237052 	1484 	-1.00484e-12 	0
0.237298 	1484 	-9.05916e-13 	0
0.237548 	1484 	-8.36185e-13 	0
0.237805 	1484 	-8.85896e-13 	0
0.238067 	1484 	-8.44117e-13 	0
0.238335 	1484 	-7.46114e-13 	0
0.23861 	1484 	-8.09327e-13 	0
0.238891 	1484 	-5.83643e-13 	0
0.239179 	1484 	-5.40655e-13 	0
0.239474 	1484 	-5.99547e-13 	0
0.239775 	1484 	-6.13199e-13 	0
0.240085 	1484 	-6.47909e-13 	0
0.240402 	1484 	-9.84123e-13 	0
0.240727 	1484 	-1.10692e-12 	0
0.241058 	1484 	-1.62454e-12 	0
0.241398 	1484 	-1.86603e-12 	0
0.241747 	1484 	-2.0033e-12 	0
0.242104 	1484 	-2.17427e-12 	0
0.242469 	1484 	-2.19113e-12 	0
0.242844 	1484 	-3.18384e-12 	0
0.243227 	1484 	-5.05837e-12 	0
0.24362 	1484 	-7.97617e-12 	0
0.244022 	1484 	-1.40465e-11 	0
0.244434 	1484 	-1.99628e-11 	0
0.244855 	1484 	-2.31482e-11 	0
0.245287 	1484 	-2.42786e-11 	0
0.245728 	1484 	-1.59495e-11 	0
0.246182 	1484 	2.07097e-11 	0
0.246646 	1484 	1.04608e-10 	0
0.24712 	1484 	2.86051e-10 	0
0.247605 	1484 	6.32716e-10 	0
0.248102 	1484 	1.24614e-09 	0
0.248612 	1484 	2.2699e-09 	0
0.249133 	1484 	3.90483e-09 	0
0.249667 	1484 	6.41972e-09 	0
0.250213 	1484 	1.01672e-08 	0
0.250772 	1484 	1.55889e-08 	0
0.251345 	1484 	2.32265e-08 	0
0.251931 	1484 	3.37375e-08 	0
0.252531 	1484 	4.78738e-08 	0
0.253145 	1484 	6.65031e-08 	0
0.253587 	1484 	8.26563e-08 	0
0.253906 	1484 	9.61459e-08 	0
0.254418 	1484 	1.20959e-07 	0
0.255076 	1484 	1.58828e-07 	0
0.25575 	1484 	2.05256e-07 	0
0.25644 	1484 	2.61259e-07 	0
0.257146 	1484 	3.27824e-07 	0
0.257868 	1484 	4.0579e-07 	0
0.258608 	1484 	4.9565e-07 	0
0.259364 	1484 	5.97765e-07 	0
0.260139 	1484 	7.12127e-07 	0
0.260931 	1484 	8.38306e-07 	0
0.261741 	1484 	9.75445e-07 	0
0.262571 	1484 	1.12194e-06 	0
0.263419 	1484 	1.27583e-06 	0
0.264287 	1484 	1.43467e-06 	0
0.265176 	1484 	1.59503e-06 	0
0.266085 	1484 	1.75301e-06 	0
0.267014 	1484 	1.90351e-06 	0
0.267965 	1484 	2.04692e-06 	0
0.268938 	1484 	2.18365e-06 	0
0.269932 	1484 	2.29739e-06 	0
0.27095 	1484 	2.38165e-06 	0
0.271991 	1484 	2.42738e-06 	0
0.273056 	1484 	2.43277e-06 	0
0.274145 	1484 	2.39879e-06 	0
0.275258 	1484 	2.32774e-06 	0
0.276397 	1484 	2.19182e-06 	0
0.277562 	1484 	1.9834e-06 	0
0.278752 	1484 	1.70033e-06 	0
0.279969 	1484 	1.33822e-06 	0
0.281073 	1484 	9.46376e-07 	0
0.281704 	1484 	7.03026e-07 	0
0.282492 	1484 	3.60737e-07 	0
0.283802 	1484 	-2.61676e-07 	0
0.285142 	1484 	-9.79448e-07 	0
0.286512 	1484 	-1.79336e-06 	0
0.287913 	1484 	-2.69991e-06 	0
0.289346 	1484 	-3.69248e-06 	0
0.290812 	1484 	-4.76255e-06 	0
0.29231 	1484 	-5.90046e-06 	0
0.293842 	1484 	-7.09367e-06 	0
0.295409 	1484 	-8.33004e-06 	0
0.29701 	1484 	-9.54566e-06 	0
0.298648 	1484 	-1.06252e-05 	0
0.300322 	1484 	-1.16724e-05 	0
0.302032 	1484 	-1.26681e-05 	0
0.303782 	1484 	-1.35906e-05 	0
0.305569 	1484 	-1.44207e-05 	0
0.307397 	1484 	-1.51376e-05 	0
0.309265 	1484 	-1.57207e-05 	0
0.310844 	1484 	-1.6096e-05 	0
0.311808 	1484 	-1.62669e-05 	0
0.313121 	1484 	-1.64259e-05 	0
0.315112 	1484 	-1.6515e-05 	0
0.317146 	1484 	-1.6405e-05 	0
0.319224 	1484 	-1.60825e-05 	0
0.321348 	1484 	-1.55418e-05 	0
0.323518 	1484 	-1.47727e-05 	0
0.325733 	1484 	-1.37696e-05 	0
0.327996 	1484 	-1.27429e-05 	0
0.330308 	1484 	-1.25653e-05 	0
0.332669 	1484 	-1.22755e-05 	0
0.33508 	1484 	-1.18719e-05 	0
0.337542 	1484 	-1.13606e-05 	0
0.340057 	1484 	-1.07392e-05 	0
0.342457 	1484 	-1.00635e-05 	0
0.343757 	1484 	-9.66839e-06 	0
0.345282 	1484 	-9.17654e-06 	0
0.348019 	1484 	-8.23426e-06 	0
0.350819 	1484 	-7.19197e-06 	0
0.35368 	1484 	-6.05503e-06 	0
0.356603 	1484 	-4.82455e-06 	0
0.359592 	1484 	-3.50444e-06 	0
0.362645 	1484 	-2.65267e-06 	0
0.365765 	1484 	-2.13295e-06 	0
0.368952 	1484 	-1.58766e-06 	0
0.372208 	1484 	-1.0169e-06 	0
0.375533 	1484 	-4.22057e-07 	0
0.377533 	1484 	-5.88371e-08 	0
