4.96314e-06 	28.6511 	-0.000552909 	0
1.48429e-05 	84.1401 	-0.00126665 	0
2.46948e-05 	137.865 	-0.00152288 	0
3.46404e-05 	190.642 	-0.00146826 	0
4.47862e-05 	242.877 	-0.00109026 	0
5.52311e-05 	294.406 	-0.000917744 	0
6.60699e-05 	344.569 	-0.000912645 	0
7.73965e-05 	392.509 	-0.000955671 	0
8.93058e-05 	437.561 	-0.00137624 	0
0.000101896 	479.458 	-0.00167921 	0
0.000115268 	518.326 	-0.00178269 	0
0.00012953 	554.557 	-0.00142082 	0
0.000144795 	588.485 	-0.000743087 	0
0.000161185 	620.31 	0.000240635 	0
0.000178829 	650.216 	0.00155372 	0
0.000197868 	678.384 	0.00323523 	0
0.00021845 	704.991 	0.00534391 	0
0.000240738 	730.198 	0.0079453 	0
0.000264909 	754.15 	0.0111226 	0
0.000291153 	776.983 	0.014965 	0
0.000319676 	798.836 	0.0195519 	0
0.000350703 	819.86 	0.0249509 	0
0.000384479 	840.191 	0.0312324 	0
0.000421271 	859.92 	0.0384734 	0
0.000461366 	879.113 	0.0467689 	0
0.000505082 	897.826 	0.0562257 	0
0.000552762 	916.112 	0.0669515 	0
0.000604783 	934.012 	0.0790744 	0
0.000661554 	951.57 	0.0927252 	0
0.000723523 	968.82 	0.108056 	0
0.000791177 	985.798 	0.125246 	0
0.00086505 	1002.54 	0.144494 	0
0.000945722 	1019.06 	0.166038 	0
0.00103383 	1035.38 	0.190143 	0
0.00113007 	1051.56 	0.217134 	0
0.0012352 	1067.61 	0.247404 	0
0.00135004 	1083.54 	0.281397 	0
0.0014755 	1099.4 	0.319619 	0
0.00161258 	1115.19 	0.362708 	0
0.00176234 	1130.96 	0.411444 	0
0.00192597 	1146.73 	0.466725 	0
0.00210476 	1162.54 	0.529637 	0
0.00230012 	1178.41 	0.601478 	0
0.00251358 	1194.4 	0.683793 	0
0.00274683 	1210.53 	0.778501 	0
0.00300171 	1226.88 	0.888047 	0
0.00328023 	1243.54 	1.0151 	0
0.00358457 	1260.67 	1.16397 	0
0.00391714 	1278.4 	1.34055 	0
0.00428056 	1296.86 	1.55418 	0
0.00467769 	1316.23 	1.81492 	0
0.00511167 	1336.58 	2.14075 	0
0.00558591 	1357.85 	2.54555 	0
0.00610416 	1379.6 	3.05814 	0
0.0066705 	1401.14 	3.67516 	0
0.0072894 	1422.06 	4.44372 	0
0.00796574 	1442.45 	5.46019 	0
0.00855799 	1457.89 	6.59278 	0
0.00894392 	1466.49 	7.43838 	0
0.00951253 	1474.9 	8.7837 	0
0.0103952 	1481.09 	10.777 	0
0.0113598 	1482.31 	12.2048 	0
0.0124139 	1482.39 	12.5938 	0
0.013566 	1482.4 	12.6344 	0
0.0148251 	1482.42 	12.6518 	0
0.0162011 	1482.47 	12.7933 	0
0.017705 	1482.51 	12.9119 	0
0.0193486 	1482.56 	13.0418 	0
0.0202967 	1482.57 	13.186 	0
0.0212348 	1482.57 	13.3391 	0
0.0231084 	1482.56 	13.5379 	0
0.0252543 	1482.53 	13.6682 	0
0.0276001 	1482.5 	13.5424 	0
0.0301448 	1482.45 	13.0315 	0
0.031484 	1482.43 	12.8651 	0
0.0329673 	1482.41 	12.8232 	0
0.0360314 	1482.4 	12.8506 	0
0.0393815 	1482.41 	13.2498 	0
0.041589 	1482.42 	13.622 	0
0.0435022 	1482.44 	13.9193 	0
0.0470499 	1482.46 	14.3506 	0
0.0506434 	1482.43 	14.6149 	0
0.0529317 	1482.41 	14.6858 	0
0.0562215 	1482.38 	14.6831 	0
0.0602482 	1482.32 	14.6256 	0
0.0629866 	1482.25 	14.7067 	0
0.0671978 	1482.12 	14.964 	0
0.07057 	1482.21 	14.6497 	0
0.0738498 	1482.32 	14.2429 	0
0.078218 	1482.55 	13.1542 	0
0.0818093 	1482.79 	11.0758 	0
0.0859665 	1483.19 	6.76632 	0
0.0899001 	1483.5 	3.78764 	0
0.0938543 	1483.76 	1.86499 	0
0.098165 	1483.92 	0.600092 	0
0.101925 	1483.96 	0.297104 	0
0.106651 	1484 	0.022102 	0
0.110224 	1484 	0.013291 	0
0.113967 	1484 	0.00334142 	0
0.118805 	1484 	0.000169224 	0
0.122029 	1484 	9.84349e-05 	0
0.126872 	1484 	5.20381e-07 	0
0.130784 	1484 	3.62749e-07 	0
0.133691 	1484 	2.28218e-07 	0
0.138506 	1484 	1.23431e-09 	0
0.142708 	1484 	9.10378e-10 	0
0.145325 	1484 	6.6018e-10 	0
0.148982 	1484 	2.4822e-10 	0
0.15382 	1484 	-9.88973e-12 	0
0.15705 	1484 	-6.00631e-12 	0
0.159283 	1484 	-3.96048e-12 	0
0.16276 	1484 	-1.69026e-12 	0
0.166887 	1484 	-5.77758e-13 	0
0.1708 	1484 	-1.29755e-13 	0
0.172904 	1484 	7.52316e-14 	0
0.174709 	1484 	2.05564e-13 	0
0.178025 	1484 	2.45412e-13 	0
0.181359 	1484 	7.75014e-14 	0
0.184518 	1484 	1.54269e-13 	0
0.187512 	1484 	1.41496e-13 	0
0.189414 	1484 	2.77089e-13 	0
0.190794 	1484 	2.74797e-13 	0
0.193039 	1484 	2.71327e-13 	0
0.195586 	1484 	1.86412e-13 	0
0.197999 	1484 	2.57356e-13 	0
0.200286 	1484 	2.04524e-13 	0
0.202452 	1484 	1.38347e-13 	0
0.204504 	1484 	2.8955e-14 	0
0.206447 	1484 	-6.48258e-14 	0
0.207887 	1484 	-1.31173e-13 	0
0.208782 	1484 	-1.68903e-13 	0
0.21003 	1484 	-1.96591e-13 	0
0.21168 	1484 	-2.64822e-13 	0
0.213242 	1484 	-2.36255e-13 	0
0.214721 	1484 	-2.06698e-13 	0
0.216122 	1484 	-2.74544e-13 	0
0.217447 	1484 	-3.48827e-13 	0
0.218702 	1484 	-3.62276e-13 	0
0.219889 	1484 	-3.0491e-13 	0
0.221014 	1484 	-3.17716e-13 	0
0.222078 	1484 	-1.69163e-13 	0
0.223085 	1484 	-1.22098e-13 	0
0.224038 	1484 	-2.077e-13 	0
0.22494 	1484 	-2.29434e-14 	0
0.225793 	1484 	-1.51877e-14 	0
0.2266 	1484 	-1.19181e-14 	0
0.227363 	1484 	2.5301e-14 	0
0.228086 	1484 	1.18667e-13 	0
0.228681 	1484 	2.07779e-13 	0
0.229013 	1484 	2.42939e-13 	0
0.229416 	1484 	2.62354e-13 	0
0.230028 	1484 	2.88963e-13 	0
0.230607 	1484 	3.28588e-13 	0
0.231154 	1484 	3.91252e-13 	0
0.231672 	1484 	3.83552e-13 	0
0.232161 	1484 	1.81698e-13 	0
0.232625 	1484 	1.21356e-13 	0
0.233063 	1484 	3.2414e-14 	0
0.233478 	1484 	3.60335e-14 	0
0.23387 	1484 	1.10306e-13 	0
0.234241 	1484 	1.39518e-13 	0
0.234591 	1484 	1.80647e-13 	0
0.234924 	1484 	1.94369e-13 	0
0.235237 	1484 	8.93558e-14 	0
0.235535 	1484 	2.91051e-13 	0
0.235816 	1484 	2.70901e-13 	0
0.236082 	1484 	1.94597e-13 	0
0.236335 	1484 	2.02312e-13 	0
0.236575 	1484 	2.02934e-13 	0
0.236811 	1484 	1.97963e-13 	0
0.237052 	1484 	1.59265e-13 	0
0.237298 	1484 	9.98398e-14 	0
0.237548 	1484 	-5.14334e-15 	0
0.237805 	1484 	-1.4326e-13 	0
0.238067 	1484 	-2.70859e-13 	0
0.238335 	1484 	-4.21107e-13 	0
0.23861 	1484 	-4.97346e-13 	0
0.238891 	1484 	-5.30772e-13 	0
0.239179 	1484 	-6.00877e-13 	0
0.239474 	1484 	-7.44158e-13 	0
0.239775 	1484 	-6.66955e-13 	0
0.240085 	1484 	-7.72148e-13 	0
0.240402 	1484 	-1.10165e-12 	0
0.240727 	1484 	-9.97636e-13 	0
0.241058 	1484 	-1.53276e-12 	0
0.241398 	1484 	-1.90272e-12 	0
0.241747 	1484 	-1.20859e-12 	0
0.242104 	1484 	-1.34112e-12 	0
0.242469 	1484 	-2.24346e-12 	0
0.242844 	1484 	-2.61977e-12 	0
0.243227 	1484 	-4.64647e-12 	0
0.24362 	1484 	-9.49063e-12 	0
0.244022 	1484 	-1.21249e-11 	0
0.244434 	1484 	-1.63345e-11 	0
0.244855 	1484 	-2.05604e-11 	0
0.245287 	1484 	-2.21122e-11 	0
0.245728 	1484 	-1.68869e-11 	0
0.246182 	1484 	1.95326e-11 	0
0.246646 	1484 	1.17668e-10 	0
0.24712 	1484 	3.13124e-10 	0
0.247605 	1484 	6.8103e-10 	0
0.248102 	1484 	1.32636e-09 	0
0.248612 	1484 	2.39814e-09 	0
0.249133 	1484 	4.10454e-09 	0
0.249667 	1484 	6.72293e-09 	0
0.250213 	1484 	1.06109e-08 	0
0.250772 	1484 	1.62221e-08 	0
0.251345 	1484 	2.41097e-08 	0
0.251931 	1484 	3.49422e-08 	0
0.252531 	1484 	4.94822e-08 	0
0.253145 	1484 	6.86122e-08 	0
0.253587 	1484 	8.51792e-08 	0
0.253906 	1484 	9.90002e-08 	0
0.254418 	1484 	1.24395e-07 	0
0.255076 	1484 	1.63102e-07 	0
0.25575 	1484 	2.10491e-07 	0
0.25644 	1484 	2.67577e-07 	0
0.257146 	1484 	3.35337e-07 	0
0.257868 	1484 	4.14603e-07 	0
0.258608 	1484 	5.05846e-07 	0
0.259364 	1484 	6.09404e-07 	0
0.260139 	1484 	7.25238e-07 	0
0.260931 	1484 	8.52879e-07 	0
0.261741 	1484 	9.91423e-07 	0
0.262571 	1484 	1.13921e-06 	0
0.263419 	1484 	1.29423e-06 	0
0.264287 	1484 	1.454e-06 	0
0.265176 	1484 	1.61506e-06 	0
0.266085 	1484 	1.7733e-06 	0
0.267014 	1484 	1.92362e-06 	0
0.267965 	1484 	2.06653e-06 	0
0.268938 	1484 	2.202e-06 	0
0.269932 	1484 	2.31446e-06 	0
0.27095 	1484 	2.396e-06 	0
0.271991 	1484 	2.43868e-06 	0
0.273056 	1484 	2.44125e-06 	0
0.274145 	1484 	2.40376e-06 	0
0.275258 	1484 	2.32916e-06 	0
0.276397 	1484 	2.18722e-06 	0
0.277562 	1484 	1.97249e-06 	0
0.278752 	1484 	1.68271e-06 	0
0.279969 	1484 	1.31337e-06 	0
0.281073 	1484 	9.14621e-07 	0
0.281704 	1484 	6.67255e-07 	0
0.282492 	1484 	3.19782e-07 	0
0.283802 	1484 	-3.11403e-07 	0
0.285142 	1484 	-1.0383e-06 	0
0.286512 	1484 	-1.86147e-06 	0
0.287913 	1484 	-2.77706e-06 	0
0.289346 	1484 	-3.77841e-06 	0
0.290812 	1484 	-4.85686e-06 	0
0.29231 	1484 	-6.00264e-06 	0
0.293842 	1484 	-7.20311e-06 	0
0.295409 	1484 	-8.446e-06 	0
0.29701 	1484 	-9.66709e-06 	0
0.298648 	1484 	-1.07505e-05 	0
0.300322 	1484 	-1.18004e-05 	0
0.302032 	1484 	-1.27976e-05 	0
0.303782 	1484 	-1.37204e-05 	0
0.305569 	1484 	-1.45496e-05 	0
0.307397 	1484 	-1.52642e-05 	0
0.309265 	1484 	-1.58439e-05 	0
0.310844 	1484 	-1.62155e-05 	0
0.311808 	1484 	-1.63839e-05 	0
0.313121 	1484 	-1.6539e-05 	0
0.315112 	1484 	-1.66215e-05 	0
0.317146 	1484 	-1.6504e-05 	0
0.319224 	1484 	-1.61732e-05 	0
0.321348 	1484 	-1.56244e-05 	0
0.323518 	1484 	-1.48464e-05 	0
0.325733 	1484 	-1.38339e-05 	0
0.327996 	1484 	-1.2798e-05 	0
0.330308 	1484 	-1.26158e-05 	0
0.332669 	1484 	-1.23218e-05 	0
0.33508 	1484 	-1.19137e-05 	0
0.337542 	1484 	-1.13974e-05 	0
0.340057 	1484 	-1.07709e-05 	0
0.342457 	1484 	-1.00906e-05 	0
0.343757 	1484 	-9.69325e-06 	0
0.345282 	1484 	-9.19916e-06 	0
0.348019 	1484 	-8.25335e-06 	0
0.350819 	1484 	-7.20779e-06 	0
0.35368 	1484 	-6.0692e-06 	0
0.356603 	1484 	-4.83506e-06 	0
0.359592 	1484 	-3.51034e-06 	0
0.362645 	1484 	-2.65882e-06 	0
0.365765 	1484 	-2.13752e-06 	0
0.368952 	1484 	-1.59049e-06 	0
0.372208 	1484 	-1.01844e-06 	0
0.375533 	1484 	-4.2268e-07 	0
0.377533 	1484 	-5.89275e-08 	0
