4.96314e-06 	27.9861 	-0.0091903 	0
1.48429e-05 	82.1489 	-0.0250994 	0
2.46948e-05 	134.55 	-0.0386713 	0
3.46404e-05 	186.007 	-0.0528799 	0
4.47862e-05 	236.956 	-0.0672403 	0
5.52311e-05 	287.315 	-0.081985 	0
6.60699e-05 	336.524 	-0.0971926 	0
7.73965e-05 	383.795 	-0.112933 	0
8.93058e-05 	428.464 	-0.129168 	0
0.000101896 	470.198 	-0.145903 	0
0.000115268 	509.001 	-0.162888 	0
0.00012953 	545.2 	-0.17967 	0
0.000144795 	579.151 	-0.195817 	0
0.000161185 	611.053 	-0.210853 	0
0.000178829 	641.071 	-0.224256 	0
0.000197868 	669.374 	-0.235619 	0
0.00021845 	696.123 	-0.244217 	0
0.000240738 	721.474 	-0.250294 	0
0.000264909 	745.564 	-0.252496 	0
0.000291153 	768.525 	-0.25044 	0
0.000319676 	790.489 	-0.244912 	0
0.000350703 	811.604 	-0.235326 	0
0.000384479 	832.011 	-0.22208 	0
0.000421271 	851.803 	-0.20543 	0
0.000461366 	871.05 	-0.185817 	0
0.000505082 	889.809 	-0.163857 	0
0.000552762 	908.135 	-0.140208 	0
0.000604783 	926.074 	-0.11573 	0
0.000661554 	943.669 	-0.0901193 	0
0.000723523 	960.959 	-0.0668798 	0
0.000791177 	977.981 	-0.0451615 	0
0.00086505 	994.768 	-0.0260231 	0
0.000945722 	1011.35 	-0.0101552 	0
0.00103383 	1027.76 	0.00205286 	0
0.00113007 	1044.03 	0.0105978 	0
0.0012352 	1060.18 	0.0158952 	0
0.00135004 	1076.25 	0.0187666 	0
0.0014755 	1092.26 	0.0204357 	0
0.00161258 	1108.25 	0.022535 	0
0.00176234 	1124.23 	0.0274187 	0
0.00192597 	1140.26 	0.0385634 	0
0.00210476 	1156.35 	0.0600598 	0
0.00230012 	1172.55 	0.0961429 	0
0.00251358 	1188.9 	0.151413 	0
0.00274683 	1205.46 	0.230787 	0
0.00300171 	1222.35 	0.340583 	0
0.00328023 	1239.67 	0.482013 	0
0.00358457 	1257.51 	0.666314 	0
0.00391714 	1275.98 	0.898714 	0
0.00428056 	1295.2 	1.18356 	0
0.00467769 	1315.28 	1.52606 	0
0.00511167 	1336.31 	1.93677 	0
0.00558591 	1358.16 	2.42224 	0
0.00610416 	1380.32 	3.0037 	0
0.0066705 	1402.1 	3.67135 	0
0.0072894 	1423.3 	4.45059 	0
0.00796574 	1444.09 	5.48306 	0
0.00855799 	1459.63 	6.63719 	0
0.00894392 	1468.08 	7.51324 	0
0.00951253 	1475.99 	8.86533 	0
0.0103952 	1481.41 	10.706 	0
0.0113598 	1482.34 	11.8142 	0
0.0124139 	1482.39 	12.0714 	0
0.013566 	1482.42 	12.1061 	0
0.0148251 	1482.44 	12.301 	0
0.0162011 	1482.47 	12.5028 	0
0.017705 	1482.49 	12.6517 	0
0.0193486 	1482.49 	12.6442 	0
0.0202967 	1482.48 	12.5942 	0
0.0212348 	1482.48 	12.5456 	0
0.0231084 	1482.49 	12.5198 	0
0.0252543 	1482.5 	12.588 	0
0.0276001 	1482.49 	12.979 	0
0.0301448 	1482.54 	13.3577 	0
0.031484 	1482.55 	13.5683 	0
0.0329673 	1482.54 	13.7508 	0
0.0360314 	1482.52 	13.9576 	0
0.0393815 	1482.51 	13.8525 	0
0.041589 	1482.46 	13.7585 	0
0.0435022 	1482.42 	13.6646 	0
0.0470499 	1482.41 	13.4737 	0
0.0506434 	1482.34 	13.6482 	0
0.0529317 	1482.33 	13.8382 	0
0.0562215 	1482.33 	14.1899 	0
0.0602482 	1482.33 	14.8115 	0
0.0629866 	1482.32 	15.2055 	0
0.0671978 	1482.29 	15.7084 	0
0.07057 	1482.29 	15.6296 	0
0.0738498 	1482.3 	15.0835 	0
0.078218 	1482.47 	12.3892 	0
0.0818093 	1482.73 	9.9025 	0
0.0859665 	1483.18 	6.73064 	0
0.0899001 	1483.51 	4.1955 	0
0.0938543 	1483.76 	1.98969 	0
0.098165 	1483.92 	0.570588 	0
0.101925 	1483.96 	0.283405 	0
0.106651 	1484 	0.021983 	0
0.110224 	1484 	0.0132476 	0
0.113967 	1484 	0.0032811 	0
0.118805 	1484 	0.000115792 	0
0.122029 	1484 	6.93999e-05 	0
0.126872 	1484 	-7.75974e-07 	0
0.130784 	1484 	-6.27755e-07 	0
0.133691 	1484 	-4.60021e-07 	0
0.138506 	1484 	-1.43082e-07 	0
0.142708 	1484 	-1.04993e-07 	0
0.145325 	1484 	-7.59567e-08 	0
0.148982 	1484 	-3.13818e-08 	0
0.15382 	1484 	-4.78068e-09 	0
0.15705 	1484 	-3.96047e-09 	0
0.159283 	1484 	-3.20013e-09 	0
0.16276 	1484 	-1.66484e-09 	0
0.166887 	1484 	-1.18425e-10 	0
0.1708 	1484 	-8.72715e-11 	0
0.172904 	1484 	-7.02104e-11 	0
0.174709 	1484 	-5.58292e-11 	0
0.178025 	1484 	-3.10985e-11 	0
0.181359 	1484 	-8.55799e-12 	0
0.184518 	1484 	-5.17e-12 	0
0.187512 	1484 	-3.08948e-12 	0
0.189414 	1484 	-2.10937e-12 	0
0.190794 	1484 	-1.54496e-12 	0
0.193039 	1484 	-6.49988e-13 	0
0.195586 	1484 	2.97493e-13 	0
0.197999 	1484 	6.64619e-13 	0
0.200286 	1484 	6.30348e-13 	0
0.202452 	1484 	8.0433e-13 	0
0.204504 	1484 	8.87733e-13 	0
0.206447 	1484 	9.62314e-13 	0
0.207887 	1484 	1.04143e-12 	0
0.208782 	1484 	1.08712e-12 	0
0.21003 	1484 	1.13087e-12 	0
0.21168 	1484 	1.19451e-12 	0
0.213242 	1484 	1.25131e-12 	0
0.214721 	1484 	1.129e-12 	0
0.216122 	1484 	9.26121e-13 	0
0.217447 	1484 	4.31921e-13 	0
0.218702 	1484 	3.33149e-13 	0
0.219889 	1484 	2.00839e-13 	0
0.221014 	1484 	8.08107e-14 	0
0.222078 	1484 	8.27706e-14 	0
0.223085 	1484 	9.01915e-14 	0
0.224038 	1484 	-1.35015e-13 	0
0.22494 	1484 	-6.27419e-14 	0
0.225793 	1484 	-1.84752e-13 	0
0.2266 	1484 	-2.25598e-13 	0
0.227363 	1484 	-2.43433e-13 	0
0.228086 	1484 	-1.45472e-13 	0
0.228681 	1484 	-1.48926e-13 	0
0.229013 	1484 	-1.98686e-13 	0
0.229416 	1484 	-2.22996e-13 	0
0.230028 	1484 	-2.42096e-13 	0
0.230607 	1484 	-2.69391e-13 	0
0.231154 	1484 	-2.50886e-13 	0
0.231672 	1484 	-2.07006e-13 	0
0.232161 	1484 	-1.93171e-13 	0
0.232625 	1484 	-1.51926e-13 	0
0.233063 	1484 	-2.08632e-13 	0
0.233478 	1484 	-2.54187e-13 	0
0.23387 	1484 	-3.0352e-13 	0
0.234241 	1484 	-2.74093e-13 	0
0.234591 	1484 	-2.43129e-13 	0
0.234924 	1484 	-2.19009e-13 	0
0.235237 	1484 	-3.05788e-13 	0
0.235535 	1484 	-3.6596e-13 	0
0.235816 	1484 	-3.50165e-13 	0
0.236082 	1484 	-4.64387e-13 	0
0.236335 	1484 	-4.98645e-13 	0
0.236575 	1484 	-4.95612e-13 	0
0.236811 	1484 	-4.96989e-13 	0
0.237052 	1484 	-4.84244e-13 	0
0.237298 	1484 	-4.97083e-13 	0
0.237548 	1484 	-5.2534e-13 	0
0.237805 	1484 	-5.31572e-13 	0
0.238067 	1484 	-4.8051e-13 	0
0.238335 	1484 	-5.13092e-13 	0
0.23861 	1484 	-4.53493e-13 	0
0.238891 	1484 	-4.62236e-13 	0
0.239179 	1484 	-3.48491e-13 	0
0.239474 	1484 	-3.87912e-13 	0
0.239775 	1484 	-4.95565e-13 	0
0.240085 	1484 	-5.64051e-13 	0
0.240402 	1484 	-6.88686e-13 	0
0.240727 	1484 	-8.0095e-13 	0
0.241058 	1484 	-1.15847e-12 	0
0.241398 	1484 	-1.49298e-12 	0
0.241747 	1484 	-1.56556e-12 	0
0.242104 	1484 	-1.83181e-12 	0
0.242469 	1484 	-2.24278e-12 	0
0.242844 	1484 	-2.27368e-12 	0
0.243227 	1484 	-4.53457e-12 	0
0.24362 	1484 	-7.25578e-12 	0
0.244022 	1484 	-9.42851e-12 	0
0.244434 	1484 	-1.44973e-11 	0
0.244855 	1484 	-1.85611e-11 	0
0.245287 	1484 	-1.90713e-11 	0
0.245728 	1484 	-1.32779e-11 	0
0.246182 	1484 	2.09537e-11 	0
0.246646 	1484 	1.11459e-10 	0
0.24712 	1484 	3.02162e-10 	0
0.247605 	1484 	6.63847e-10 	0
0.248102 	1484 	1.29827e-09 	0
0.248612 	1484 	2.35329e-09 	0
0.249133 	1484 	4.03053e-09 	0
0.249667 	1484 	6.60747e-09 	0
0.250213 	1484 	1.04426e-08 	0
0.250772 	1484 	1.59818e-08 	0
0.251345 	1484 	2.37729e-08 	0
0.251931 	1484 	3.44838e-08 	0
0.252531 	1484 	4.88735e-08 	0
0.253145 	1484 	6.78164e-08 	0
0.253587 	1484 	8.42284e-08 	0
0.253906 	1484 	9.79255e-08 	0
0.254418 	1484 	1.23104e-07 	0
0.255076 	1484 	1.615e-07 	0
0.25575 	1484 	2.08536e-07 	0
0.25644 	1484 	2.65227e-07 	0
0.257146 	1484 	3.32556e-07 	0
0.257868 	1484 	4.11357e-07 	0
0.258608 	1484 	5.02109e-07 	0
0.259364 	1484 	6.05162e-07 	0
0.260139 	1484 	7.20488e-07 	0
0.260931 	1484 	8.47634e-07 	0
0.261741 	1484 	9.85717e-07 	0
0.262571 	1484 	1.1331e-06 	0
0.263419 	1484 	1.28779e-06 	0
0.264287 	1484 	1.44732e-06 	0
0.265176 	1484 	1.60823e-06 	0
0.266085 	1484 	1.76652e-06 	0
0.267014 	1484 	1.91705e-06 	0
0.267965 	1484 	2.06035e-06 	0
0.268938 	1484 	2.19656e-06 	0
0.269932 	1484 	2.30965e-06 	0
0.27095 	1484 	2.39248e-06 	0
0.271991 	1484 	2.43659e-06 	0
0.273056 	1484 	2.44046e-06 	0
0.274145 	1484 	2.40457e-06 	0
0.275258 	1484 	2.33155e-06 	0
0.276397 	1484 	2.19227e-06 	0
0.277562 	1484 	1.98032e-06 	0
0.278752 	1484 	1.69348e-06 	0
0.279969 	1484 	1.32728e-06 	0
0.281073 	1484 	9.31528e-07 	0
0.281704 	1484 	6.85903e-07 	0
0.282492 	1484 	3.40675e-07 	0
0.283802 	1484 	-2.86708e-07 	0
0.285142 	1484 	-1.00965e-06 	0
0.286512 	1484 	-1.8288e-06 	0
0.287913 	1484 	-2.7405e-06 	0
0.289346 	1484 	-3.73806e-06 	0
0.290812 	1484 	-4.81291e-06 	0
0.29231 	1484 	-5.9553e-06 	0
0.293842 	1484 	-7.15262e-06 	0
0.295409 	1484 	-8.39268e-06 	0
0.29701 	1484 	-9.6114e-06 	0
0.298648 	1484 	-1.06931e-05 	0
0.300322 	1484 	-1.1742e-05 	0
0.302032 	1484 	-1.27385e-05 	0
0.303782 	1484 	-1.36611e-05 	0
0.305569 	1484 	-1.44907e-05 	0
0.307397 	1484 	-1.52062e-05 	0
0.309265 	1484 	-1.57874e-05 	0
0.310844 	1484 	-1.61605e-05 	0
0.311808 	1484 	-1.633e-05 	0
0.313121 	1484 	-1.64868e-05 	0
0.315112 	1484 	-1.65721e-05 	0
0.317146 	1484 	-1.64577e-05 	0
0.319224 	1484 	-1.61304e-05 	0
0.321348 	1484 	-1.55852e-05 	0
0.323518 	1484 	-1.48112e-05 	0
0.325733 	1484 	-1.38026e-05 	0
0.327996 	1484 	-1.27706e-05 	0
0.330308 	1484 	-1.25905e-05 	0
0.332669 	1484 	-1.22986e-05 	0
0.33508 	1484 	-1.18926e-05 	0
0.337542 	1484 	-1.13785e-05 	0
0.340057 	1484 	-1.07542e-05 	0
0.342457 	1484 	-1.00759e-05 	0
0.343757 	1484 	-9.67949e-06 	0
0.345282 	1484 	-9.18648e-06 	0
0.348019 	1484 	-8.2425e-06 	0
0.350819 	1484 	-7.19876e-06 	0
0.35368 	1484 	-6.06175e-06 	0
0.356603 	1484 	-4.82947e-06 	0
0.359592 	1484 	-3.50674e-06 	0
0.362645 	1484 	-2.65618e-06 	0
0.365765 	1484 	-2.13544e-06 	0
0.368952 	1484 	-1.5891e-06 	0
0.372208 	1484 	-1.01761e-06 	0
0.375533 	1484 	-4.22317e-07 	0
0.377533 	1484 	-5.88747e-08 	0
