4.96314e-06 	29.3919 	-0.0105615 	0
1.48429e-05 	86.0488 	-0.0296437 	0
2.46948e-05 	140.621 	-0.0471385 	0
3.46404e-05 	194.004 	-0.0659553 	0
4.47862e-05 	246.681 	-0.0851043 	0
5.52311e-05 	298.6 	-0.104226 	0
6.60699e-05 	349.223 	-0.122745 	0
7.73965e-05 	397.76 	-0.140354 	0
8.93058e-05 	443.519 	-0.156778 	0
0.000101896 	486.126 	-0.172253 	0
0.000115268 	525.54 	-0.187078 	0
0.00012953 	561.95 	-0.201047 	0
0.000144795 	595.653 	-0.21413 	0
0.000161185 	626.977 	-0.226109 	0
0.000178829 	656.232 	-0.236698 	0
0.000197868 	683.7 	-0.245539 	0
0.00021845 	709.622 	-0.252279 	0
0.000240738 	734.205 	-0.256644 	0
0.000264909 	757.622 	-0.258491 	0
0.000291153 	780.017 	-0.257518 	0
0.000319676 	801.518 	-0.25314 	0
0.000350703 	822.23 	-0.245718 	0
0.000384479 	842.244 	-0.23581 	0
0.000421271 	861.64 	-0.22348 	0
0.000461366 	880.487 	-0.209149 	0
0.000505082 	898.846 	-0.193324 	0
0.000552762 	916.772 	-0.17658 	0
0.000604783 	934.31 	-0.159564 	0
0.000661554 	951.505 	-0.142976 	0
0.000723523 	968.396 	-0.127512 	0
0.000791177 	985.016 	-0.11385 	0
0.00086505 	1001.4 	-0.102594 	0
0.000945722 	1017.58 	-0.0941617 	0
0.00103383 	1033.58 	-0.08876 	0
0.00113007 	1049.43 	-0.0851475 	0
0.0012352 	1065.16 	-0.0861724 	0
0.00135004 	1080.8 	-0.0890749 	0
0.0014755 	1096.37 	-0.0930256 	0
0.00161258 	1111.9 	-0.0966351 	0
0.00176234 	1127.44 	-0.0977088 	0
0.00192597 	1142.99 	-0.0933958 	0
0.00210476 	1158.62 	-0.0801136 	0
0.00230012 	1174.34 	-0.0536066 	0
0.00251358 	1190.21 	-0.00858742 	0
0.00274683 	1206.26 	0.0611991 	0
0.00300171 	1222.56 	0.163522 	0
0.00328023 	1239.19 	0.305212 	0
0.00358457 	1256.32 	0.497038 	0
0.00391714 	1274.08 	0.745885 	0
0.00428056 	1292.57 	1.05887 	0
0.00467769 	1311.91 	1.44091 	0
0.00511167 	1332.23 	1.90342 	0
0.00558591 	1353.53 	2.45783 	0
0.00610416 	1375.48 	3.11576 	0
0.0066705 	1397.32 	3.87942 	0
0.0072894 	1418.51 	4.76651 	0
0.00796574 	1439.11 	5.86879 	0
0.00855799 	1454.87 	7.01104 	0
0.00894392 	1463.84 	7.83733 	0
0.00951253 	1473.08 	9.07126 	0
0.0103952 	1480.51 	10.7855 	0
0.0113598 	1482.24 	12.002 	0
0.0124139 	1482.36 	12.3358 	0
0.013566 	1482.38 	12.439 	0
0.0148251 	1482.41 	12.6412 	0
0.0162011 	1482.42 	12.7559 	0
0.017705 	1482.46 	12.7068 	0
0.0193486 	1482.44 	12.5039 	0
0.0202967 	1482.44 	12.413 	0
0.0212348 	1482.44 	12.3847 	0
0.0231084 	1482.42 	12.4208 	0
0.0252543 	1482.44 	12.6644 	0
0.0276001 	1482.42 	13.12 	0
0.0301448 	1482.5 	13.4033 	0
0.031484 	1482.52 	13.5691 	0
0.0329673 	1482.52 	13.7288 	0
0.0360314 	1482.51 	13.9226 	0
0.0393815 	1482.54 	13.8255 	0
0.041589 	1482.52 	13.7716 	0
0.0435022 	1482.48 	13.7317 	0
0.0470499 	1482.44 	13.6625 	0
0.0506434 	1482.37 	13.7563 	0
0.0529317 	1482.34 	13.8617 	0
0.0562215 	1482.3 	14.0838 	0
0.0602482 	1482.32 	14.559 	0
0.0629866 	1482.28 	14.9277 	0
0.0671978 	1482.19 	15.5069 	0
0.07057 	1482.36 	15.6118 	0
0.0738498 	1482.48 	15.2035 	0
0.078218 	1482.47 	12.4791 	0
0.0818093 	1482.65 	9.94175 	0
0.0859665 	1483.15 	6.78277 	0
0.0899001 	1483.51 	4.25992 	0
0.0938543 	1483.76 	2.01941 	0
0.098165 	1483.92 	0.575131 	0
0.101925 	1483.96 	0.285965 	0
0.106651 	1484 	0.0218061 	0
0.110224 	1484 	0.013164 	0
0.113967 	1484 	0.00329597 	0
0.118805 	1484 	0.000136079 	0
0.122029 	1484 	7.88059e-05 	0
0.126872 	1484 	2.8821e-06 	0
0.130784 	1484 	1.71797e-06 	0
0.133691 	1484 	9.70034e-07 	0
0.138506 	1484 	8.36136e-08 	0
0.142708 	1484 	5.52993e-08 	0
0.145325 	1484 	3.67376e-08 	0
0.148982 	1484 	1.1939e-08 	0
0.15382 	1484 	-5.5102e-11 	0
0.15705 	1484 	1.42751e-10 	0
0.159283 	1484 	9.5208e-11 	0
0.16276 	1484 	-8.45221e-11 	0
0.166887 	1484 	-1.86013e-10 	0
0.1708 	1484 	-1.14026e-10 	0
0.172904 	1484 	-8.65474e-11 	0
0.174709 	1484 	-6.81948e-11 	0
0.178025 	1484 	-3.92196e-11 	0
0.181359 	1484 	-1.30367e-11 	0
0.184518 	1484 	-8.55377e-12 	0
0.187512 	1484 	-6.28952e-12 	0
0.189414 	1484 	-5.0512e-12 	0
0.190794 	1484 	-4.27224e-12 	0
0.193039 	1484 	-3.06457e-12 	0
0.195586 	1484 	-1.92355e-12 	0
0.197999 	1484 	-5.92482e-13 	0
0.200286 	1484 	-2.0356e-13 	0
0.202452 	1484 	-2.25288e-13 	0
0.204504 	1484 	-1.50512e-13 	0
0.206447 	1484 	-1.71536e-13 	0
0.207887 	1484 	-2.16933e-13 	0
0.208782 	1484 	-2.1851e-13 	0
0.21003 	1484 	-1.91418e-13 	0
0.21168 	1484 	-1.52416e-13 	0
0.213242 	1484 	-5.11004e-14 	0
0.214721 	1484 	-9.64408e-14 	0
0.216122 	1484 	-1.02812e-13 	0
0.217447 	1484 	-3.03571e-13 	0
0.218702 	1484 	-4.35921e-13 	0
0.219889 	1484 	-4.48163e-13 	0
0.221014 	1484 	-4.29546e-13 	0
0.222078 	1484 	-3.79932e-13 	0
0.223085 	1484 	-4.15529e-13 	0
0.224038 	1484 	-5.11824e-13 	0
0.22494 	1484 	-5.09114e-13 	0
0.225793 	1484 	-5.39522e-13 	0
0.2266 	1484 	-6.00938e-13 	0
0.227363 	1484 	-6.58183e-13 	0
0.228086 	1484 	-6.82837e-13 	0
0.228681 	1484 	-7.09102e-13 	0
0.229013 	1484 	-7.37573e-13 	0
0.229416 	1484 	-7.86496e-13 	0
0.230028 	1484 	-8.44213e-13 	0
0.230607 	1484 	-8.43949e-13 	0
0.231154 	1484 	-8.09044e-13 	0
0.231672 	1484 	-6.94788e-13 	0
0.232161 	1484 	-5.69659e-13 	0
0.232625 	1484 	-5.29003e-13 	0
0.233063 	1484 	-6.58399e-13 	0
0.233478 	1484 	-5.60119e-13 	0
0.23387 	1484 	-5.47094e-13 	0
0.234241 	1484 	-5.91755e-13 	0
0.234591 	1484 	-4.51532e-13 	0
0.234924 	1484 	-4.1724e-13 	0
0.235237 	1484 	-5.01917e-13 	0
0.235535 	1484 	-6.03867e-13 	0
0.235816 	1484 	-6.83997e-13 	0
0.236082 	1484 	-7.61223e-13 	0
0.236335 	1484 	-7.53963e-13 	0
0.236575 	1484 	-5.80356e-13 	0
0.236811 	1484 	-4.90093e-13 	0
0.237052 	1484 	-4.37063e-13 	0
0.237298 	1484 	-4.61017e-13 	0
0.237548 	1484 	-5.4153e-13 	0
0.237805 	1484 	-4.68226e-13 	0
0.238067 	1484 	-4.56189e-13 	0
0.238335 	1484 	-5.29223e-13 	0
0.23861 	1484 	-6.39976e-13 	0
0.238891 	1484 	-4.18312e-13 	0
0.239179 	1484 	-3.77454e-13 	0
0.239474 	1484 	-4.92892e-13 	0
0.239775 	1484 	-4.61457e-13 	0
0.240085 	1484 	-4.97343e-13 	0
0.240402 	1484 	-6.47012e-13 	0
0.240727 	1484 	-7.05159e-13 	0
0.241058 	1484 	-9.87717e-13 	0
0.241398 	1484 	-1.3932e-12 	0
0.241747 	1484 	-1.3572e-12 	0
0.242104 	1484 	-1.00191e-12 	0
0.242469 	1484 	-4.42419e-13 	0
0.242844 	1484 	-2.27973e-12 	0
0.243227 	1484 	-4.62359e-12 	0
0.24362 	1484 	-6.54385e-12 	0
0.244022 	1484 	-1.08655e-11 	0
0.244434 	1484 	-1.71617e-11 	0
0.244855 	1484 	-2.09029e-11 	0
0.245287 	1484 	-2.02711e-11 	0
0.245728 	1484 	-1.32792e-11 	0
0.246182 	1484 	2.58408e-11 	0
0.246646 	1484 	1.17878e-10 	0
0.24712 	1484 	3.1078e-10 	0
0.247605 	1484 	6.74518e-10 	0
0.248102 	1484 	1.31293e-09 	0
0.248612 	1484 	2.37727e-09 	0
0.249133 	1484 	4.06989e-09 	0
0.249667 	1484 	6.66658e-09 	0
0.250213 	1484 	1.05262e-08 	0
0.250772 	1484 	1.60978e-08 	0
0.251345 	1484 	2.39298e-08 	0
0.251931 	1484 	3.46893e-08 	0
0.252531 	1484 	4.91369e-08 	0
0.253145 	1484 	6.81481e-08 	0
0.253587 	1484 	8.46137e-08 	0
0.253906 	1484 	9.83517e-08 	0
0.254418 	1484 	1.23599e-07 	0
0.255076 	1484 	1.6209e-07 	0
0.25575 	1484 	2.09225e-07 	0
0.25644 	1484 	2.66018e-07 	0
0.257146 	1484 	3.33446e-07 	0
0.257868 	1484 	4.12341e-07 	0
0.258608 	1484 	5.03175e-07 	0
0.259364 	1484 	6.06293e-07 	0
0.260139 	1484 	7.21658e-07 	0
0.260931 	1484 	8.48809e-07 	0
0.261741 	1484 	9.86855e-07 	0
0.262571 	1484 	1.13414e-06 	0
0.263419 	1484 	1.28868e-06 	0
0.264287 	1484 	1.44798e-06 	0
0.265176 	1484 	1.60861e-06 	0
0.266085 	1484 	1.76648e-06 	0
0.267014 	1484 	1.91648e-06 	0
0.267965 	1484 	2.05912e-06 	0
0.268938 	1484 	2.19438e-06 	0
0.269932 	1484 	2.3067e-06 	0
0.27095 	1484 	2.38823e-06 	0
0.271991 	1484 	2.43102e-06 	0
0.273056 	1484 	2.43375e-06 	0
0.274145 	1484 	2.39653e-06 	0
0.275258 	1484 	2.3222e-06 	0
0.276397 	1484 	2.18074e-06 	0
0.277562 	1484 	1.96658e-06 	0
0.278752 	1484 	1.67745e-06 	0
0.279969 	1484 	1.30882e-06 	0
0.281073 	1484 	9.10743e-07 	0
0.281704 	1484 	6.63764e-07 	0
0.282492 	1484 	3.16782e-07 	0
0.283802 	1484 	-3.13602e-07 	0
0.285142 	1484 	-1.03971e-06 	0
0.286512 	1484 	-1.86212e-06 	0
0.287913 	1484 	-2.77701e-06 	0
0.289346 	1484 	-3.77774e-06 	0
0.290812 	1484 	-4.85569e-06 	0
0.29231 	1484 	-6.00109e-06 	0
0.293842 	1484 	-7.20131e-06 	0
0.295409 	1484 	-8.44411e-06 	0
0.29701 	1484 	-9.66511e-06 	0
0.298648 	1484 	-1.07482e-05 	0
0.300322 	1484 	-1.17978e-05 	0
0.302032 	1484 	-1.27948e-05 	0
0.303782 	1484 	-1.37176e-05 	0
0.305569 	1484 	-1.45468e-05 	0
0.307397 	1484 	-1.52615e-05 	0
0.309265 	1484 	-1.58415e-05 	0
0.310844 	1484 	-1.62133e-05 	0
0.311808 	1484 	-1.63819e-05 	0
0.313121 	1484 	-1.65373e-05 	0
0.315112 	1484 	-1.66204e-05 	0
0.317146 	1484 	-1.65035e-05 	0
0.319224 	1484 	-1.61734e-05 	0
0.321348 	1484 	-1.56252e-05 	0
0.323518 	1484 	-1.48479e-05 	0
0.325733 	1484 	-1.38361e-05 	0
0.327996 	1484 	-1.28005e-05 	0
0.330308 	1484 	-1.26186e-05 	0
0.332669 	1484 	-1.23247e-05 	0
0.33508 	1484 	-1.19168e-05 	0
0.337542 	1484 	-1.14007e-05 	0
0.340057 	1484 	-1.07744e-05 	0
0.342457 	1484 	-1.00942e-05 	0
0.343757 	1484 	-9.69682e-06 	0
0.345282 	1484 	-9.20265e-06 	0
0.348019 	1484 	-8.25658e-06 	0
0.350819 	1484 	-7.21072e-06 	0
0.35368 	1484 	-6.07101e-06 	0
0.356603 	1484 	-4.83635e-06 	0
0.359592 	1484 	-3.51187e-06 	0
0.362645 	1484 	-2.65911e-06 	0
0.365765 	1484 	-2.13776e-06 	0
0.368952 	1484 	-1.59087e-06 	0
0.372208 	1484 	-1.0188e-06 	0
0.375533 	1484 	-4.22844e-07 	0
0.377533 	1484 	-5.89498e-08 	0
