4.96314e-06 	28.3665 	-0.016642 	0
1.48429e-05 	83.3047 	-0.0439532 	0
2.46948e-05 	136.502 	-0.0668656 	0
3.46404e-05 	188.774 	-0.0898724 	0
4.47862e-05 	240.541 	-0.113152 	0
5.52311e-05 	291.678 	-0.137213 	0
6.60699e-05 	341.571 	-0.162104 	0
7.73965e-05 	389.392 	-0.187547 	0
8.93058e-05 	434.468 	-0.21331 	0
0.000101896 	476.496 	-0.239151 	0
0.000115268 	515.546 	-0.264376 	0
0.00012953 	551.982 	-0.28833 	0
0.000144795 	586.145 	-0.310303 	0
0.000161185 	618.225 	-0.329555 	0
0.000178829 	648.39 	-0.345376 	0
0.000197868 	676.816 	-0.35688 	0
0.00021845 	703.672 	-0.363855 	0
0.000240738 	729.113 	-0.365127 	0
0.000264909 	753.281 	-0.359919 	0
0.000291153 	776.314 	-0.348411 	0
0.000319676 	798.358 	-0.329878 	0
0.000350703 	819.579 	-0.30416 	0
0.000384479 	840.105 	-0.271108 	0
0.000421271 	860.013 	-0.230733 	0
0.000461366 	879.369 	-0.183176 	0
0.000505082 	898.231 	-0.128761 	0
0.000552762 	916.648 	-0.0679981 	0
0.000604783 	934.667 	-0.0017532 	0
0.000661554 	952.329 	0.0690149 	0
0.000723523 	969.67 	0.143823 	0
0.000791177 	986.727 	0.220955 	0
0.00086505 	1003.53 	0.298695 	0
0.000945722 	1020.11 	0.375888 	0
0.00103383 	1036.49 	0.4507 	0
0.00113007 	1052.71 	0.521517 	0
0.0012352 	1068.79 	0.586841 	0
0.00135004 	1084.75 	0.645252 	0
0.0014755 	1100.63 	0.696099 	0
0.00161258 	1116.45 	0.739448 	0
0.00176234 	1132.25 	0.774824 	0
0.00192597 	1148.04 	0.803344 	0
0.00210476 	1163.88 	0.826661 	0
0.00230012 	1179.79 	0.847875 	0
0.00251358 	1195.82 	0.871844 	0
0.00274683 	1212.01 	0.904193 	0
0.00300171 	1228.43 	0.951673 	0
0.00328023 	1245.18 	1.02218 	0
0.00358457 	1262.45 	1.12637 	0
0.00391714 	1280.35 	1.27619 	0
0.00428056 	1299.02 	1.48559 	0
0.00467769 	1318.57 	1.7672 	0
0.00511167 	1339.06 	2.13489 	0
0.00558591 	1360.36 	2.6038 	0
0.00610416 	1382.02 	3.18702 	0
0.0066705 	1403.36 	3.88101 	0
0.0072894 	1424.18 	4.708 	0
0.00796574 	1444.58 	5.76897 	0
0.00855799 	1459.85 	6.91466 	0
0.00894392 	1468.19 	7.76443 	0
0.00951253 	1476.05 	9.06551 	0
0.0103952 	1481.48 	10.8697 	0
0.0113598 	1482.43 	11.985 	0
0.0124139 	1482.45 	12.0775 	0
0.013566 	1482.44 	12.1105 	0
0.0148251 	1482.43 	12.2424 	0
0.0162011 	1482.48 	12.4522 	0
0.017705 	1482.48 	12.7698 	0
0.0193486 	1482.52 	12.916 	0
0.0202967 	1482.53 	12.9772 	0
0.0212348 	1482.54 	13.004 	0
0.0231084 	1482.56 	12.9802 	0
0.0252543 	1482.53 	12.8598 	0
0.0276001 	1482.56 	13.0604 	0
0.0301448 	1482.58 	13.3678 	0
0.031484 	1482.57 	13.5495 	0
0.0329673 	1482.56 	13.6939 	0
0.0360314 	1482.54 	13.812 	0
0.0393815 	1482.5 	13.6747 	0
0.041589 	1482.43 	13.564 	0
0.0435022 	1482.39 	13.4555 	0
0.0470499 	1482.4 	13.2398 	0
0.0506434 	1482.32 	13.4803 	0
0.0529317 	1482.32 	13.6835 	0
0.0562215 	1482.36 	14.034 	0
0.0602482 	1482.34 	14.6954 	0
0.0629866 	1482.35 	15.0734 	0
0.0671978 	1482.37 	15.5179 	0
0.07057 	1482.27 	15.4037 	0
0.0738498 	1482.23 	14.8759 	0
0.078218 	1482.48 	12.3921 	0
0.0818093 	1482.77 	9.97048 	0
0.0859665 	1483.2 	6.64201 	0
0.0899001 	1483.52 	4.05612 	0
0.0938543 	1483.77 	1.93159 	0
0.098165 	1483.93 	0.562221 	0
0.101925 	1483.97 	0.27923 	0
0.106651 	1484 	0.022442 	0
0.110224 	1484 	0.0134569 	0
0.113967 	1484 	0.00337384 	0
0.118805 	1484 	0.000173959 	0
0.122029 	1484 	0.000101669 	0
0.126872 	1484 	8.25705e-08 	0
0.130784 	1484 	1.00812e-07 	0
0.133691 	1484 	7.98125e-08 	0
0.138506 	1484 	-2.58817e-08 	0
0.142708 	1484 	-2.09778e-08 	0
0.145325 	1484 	-1.68658e-08 	0
0.148982 	1484 	-9.37192e-09 	0
0.15382 	1484 	-3.86982e-09 	0
0.15705 	1484 	-3.20255e-09 	0
0.159283 	1484 	-2.55183e-09 	0
0.16276 	1484 	-1.14321e-09 	0
0.166887 	1484 	3.13565e-10 	0
0.1708 	1484 	2.38643e-10 	0
0.172904 	1484 	1.94487e-10 	0
0.174709 	1484 	1.56297e-10 	0
0.178025 	1484 	9.76033e-11 	0
0.181359 	1484 	6.25747e-11 	0
0.184518 	1484 	5.44234e-11 	0
0.187512 	1484 	4.54865e-11 	0
0.189414 	1484 	3.94649e-11 	0
0.190794 	1484 	3.48513e-11 	0
0.193039 	1484 	2.72318e-11 	0
0.195586 	1484 	1.85582e-11 	0
0.197999 	1484 	1.03799e-11 	0
0.200286 	1484 	6.52636e-12 	0
0.202452 	1484 	5.7347e-12 	0
0.204504 	1484 	4.96797e-12 	0
0.206447 	1484 	4.23519e-12 	0
0.207887 	1484 	3.65321e-12 	0
0.208782 	1484 	3.29601e-12 	0
0.21003 	1484 	2.78471e-12 	0
0.21168 	1484 	2.05278e-12 	0
0.213242 	1484 	1.5539e-12 	0
0.214721 	1484 	1.10022e-12 	0
0.216122 	1484 	6.85014e-13 	0
0.217447 	1484 	2.42884e-13 	0
0.218702 	1484 	1.87688e-13 	0
0.219889 	1484 	1.87757e-13 	0
0.221014 	1484 	-4.60114e-14 	0
0.222078 	1484 	-1.33697e-13 	0
0.223085 	1484 	-2.5027e-13 	0
0.224038 	1484 	-3.61319e-13 	0
0.22494 	1484 	-3.66596e-13 	0
0.225793 	1484 	-2.58562e-13 	0
0.2266 	1484 	-1.86046e-13 	0
0.227363 	1484 	-2.50531e-13 	0
0.228086 	1484 	-2.50082e-13 	0
0.228681 	1484 	-2.26305e-13 	0
0.229013 	1484 	-2.39016e-13 	0
0.229416 	1484 	-2.36713e-13 	0
0.230028 	1484 	-2.30784e-13 	0
0.230607 	1484 	-2.26236e-13 	0
0.231154 	1484 	-1.84492e-13 	0
0.231672 	1484 	-1.53719e-13 	0
0.232161 	1484 	-1.15113e-13 	0
0.232625 	1484 	-7.96968e-14 	0
0.233063 	1484 	-1.63383e-13 	0
0.233478 	1484 	-1.70766e-13 	0
0.23387 	1484 	-2.54357e-13 	0
0.234241 	1484 	-3.73187e-13 	0
0.234591 	1484 	-5.68441e-13 	0
0.234924 	1484 	-7.02488e-13 	0
0.235237 	1484 	-8.67769e-13 	0
0.235535 	1484 	-8.60291e-13 	0
0.235816 	1484 	-7.97979e-13 	0
0.236082 	1484 	-8.1275e-13 	0
0.236335 	1484 	-7.90224e-13 	0
0.236575 	1484 	-8.94986e-13 	0
0.236811 	1484 	-8.08145e-13 	0
0.237052 	1484 	-8.28628e-13 	0
0.237298 	1484 	-1.11539e-12 	0
0.237548 	1484 	-1.13619e-12 	0
0.237805 	1484 	-1.21424e-12 	0
0.238067 	1484 	-1.16135e-12 	0
0.238335 	1484 	-1.11706e-12 	0
0.23861 	1484 	-1.11536e-12 	0
0.238891 	1484 	-1.04292e-12 	0
0.239179 	1484 	-1.00917e-12 	0
0.239474 	1484 	-9.28167e-13 	0
0.239775 	1484 	-8.60768e-13 	0
0.240085 	1484 	-8.40166e-13 	0
0.240402 	1484 	-9.18861e-13 	0
0.240727 	1484 	-1.10326e-12 	0
0.241058 	1484 	-1.51481e-12 	0
0.241398 	1484 	-1.54739e-12 	0
0.241747 	1484 	-1.109e-12 	0
0.242104 	1484 	-1.71358e-12 	0
0.242469 	1484 	-6.42027e-13 	0
0.242844 	1484 	-1.87435e-12 	0
0.243227 	1484 	-4.2926e-12 	0
0.24362 	1484 	-9.82416e-12 	0
0.244022 	1484 	-1.38681e-11 	0
0.244434 	1484 	-1.68691e-11 	0
0.244855 	1484 	-2.02699e-11 	0
0.245287 	1484 	-2.27772e-11 	0
0.245728 	1484 	-1.77769e-11 	0
0.246182 	1484 	1.5504e-11 	0
0.246646 	1484 	1.07643e-10 	0
0.24712 	1484 	2.94836e-10 	0
0.247605 	1484 	6.45916e-10 	0
0.248102 	1484 	1.2677e-09 	0
0.248612 	1484 	2.30404e-09 	0
0.249133 	1484 	3.95518e-09 	0
0.249667 	1484 	6.49485e-09 	0
0.250213 	1484 	1.02754e-08 	0
0.250772 	1484 	1.57408e-08 	0
0.251345 	1484 	2.34355e-08 	0
0.251931 	1484 	3.40222e-08 	0
0.252531 	1484 	4.82557e-08 	0
0.253145 	1484 	6.70058e-08 	0
0.253587 	1484 	8.32591e-08 	0
0.253906 	1484 	9.68293e-08 	0
0.254418 	1484 	1.21784e-07 	0
0.255076 	1484 	1.59857e-07 	0
0.25575 	1484 	2.06519e-07 	0
0.25644 	1484 	2.62788e-07 	0
0.257146 	1484 	3.29649e-07 	0
0.257868 	1484 	4.07939e-07 	0
0.258608 	1484 	4.98145e-07 	0
0.259364 	1484 	6.00626e-07 	0
0.260139 	1484 	7.15364e-07 	0
0.260931 	1484 	8.41921e-07 	0
0.261741 	1484 	9.79429e-07 	0
0.262571 	1484 	1.12627e-06 	0
0.263419 	1484 	1.28049e-06 	0
0.264287 	1484 	1.43961e-06 	0
0.265176 	1484 	1.60019e-06 	0
0.266085 	1484 	1.75831e-06 	0
0.267014 	1484 	1.90885e-06 	0
0.267965 	1484 	2.05226e-06 	0
0.268938 	1484 	2.18882e-06 	0
0.269932 	1484 	2.30234e-06 	0
0.27095 	1484 	2.38611e-06 	0
0.271991 	1484 	2.43127e-06 	0
0.273056 	1484 	2.43614e-06 	0
0.274145 	1484 	2.40147e-06 	0
0.275258 	1484 	2.32972e-06 	0
0.276397 	1484 	2.19259e-06 	0
0.277562 	1484 	1.9829e-06 	0
0.278752 	1484 	1.69847e-06 	0
0.279969 	1484 	1.33488e-06 	0
0.281073 	1484 	9.41609e-07 	0
0.281704 	1484 	6.97429e-07 	0
0.282492 	1484 	3.54063e-07 	0
0.283802 	1484 	-2.70177e-07 	0
0.285142 	1484 	-9.89856e-07 	0
0.286512 	1484 	-1.80571e-06 	0
0.287913 	1484 	-2.7142e-06 	0
0.289346 	1484 	-3.70866e-06 	0
0.290812 	1484 	-4.78056e-06 	0
0.29231 	1484 	-5.9202e-06 	0
0.293842 	1484 	-7.11503e-06 	0
0.295409 	1484 	-8.3529e-06 	0
0.29701 	1484 	-9.56979e-06 	0
0.298648 	1484 	-1.06502e-05 	0
0.300322 	1484 	-1.16982e-05 	0
0.302032 	1484 	-1.26942e-05 	0
0.303782 	1484 	-1.3617e-05 	0
0.305569 	1484 	-1.4447e-05 	0
0.307397 	1484 	-1.51635e-05 	0
0.309265 	1484 	-1.5746e-05 	0
0.310844 	1484 	-1.61205e-05 	0
0.311808 	1484 	-1.6291e-05 	0
0.313121 	1484 	-1.64492e-05 	0
0.315112 	1484 	-1.65369e-05 	0
0.317146 	1484 	-1.64254e-05 	0
0.319224 	1484 	-1.61011e-05 	0
0.321348 	1484 	-1.5559e-05 	0
0.323518 	1484 	-1.4788e-05 	0
0.325733 	1484 	-1.37829e-05 	0
0.327996 	1484 	-1.27539e-05 	0
0.330308 	1484 	-1.25755e-05 	0
0.332669 	1484 	-1.2285e-05 	0
0.33508 	1484 	-1.18806e-05 	0
0.337542 	1484 	-1.13681e-05 	0
0.340057 	1484 	-1.07453e-05 	0
0.342457 	1484 	-1.00684e-05 	0
0.343757 	1484 	-9.67269e-06 	0
0.345282 	1484 	-9.18037e-06 	0
0.348019 	1484 	-8.2375e-06 	0
0.350819 	1484 	-7.19481e-06 	0
0.35368 	1484 	-6.058e-06 	0
0.356603 	1484 	-4.82683e-06 	0
0.359592 	1484 	-3.50583e-06 	0
0.362645 	1484 	-2.6543e-06 	0
0.365765 	1484 	-2.13408e-06 	0
0.368952 	1484 	-1.58834e-06 	0
0.372208 	1484 	-1.01725e-06 	0
0.375533 	1484 	-4.22179e-07 	0
0.377533 	1484 	-5.88539e-08 	0
