4.96314e-06 	28.1006 	-0.0107291 	0
1.48429e-05 	82.4836 	-0.0291835 	0
2.46948e-05 	135.098 	-0.0449133 	0
3.46404e-05 	186.764 	-0.0612515 	0
4.47862e-05 	237.918 	-0.0777249 	0
5.52311e-05 	288.47 	-0.0945532 	0
6.60699e-05 	337.852 	-0.111806 	0
7.73965e-05 	385.269 	-0.129532 	0
8.93058e-05 	430.054 	-0.147698 	0
0.000101896 	471.877 	-0.166319 	0
0.000115268 	510.748 	-0.185111 	0
0.00012953 	547.003 	-0.203601 	0
0.000144795 	580.998 	-0.221338 	0
0.000161185 	612.931 	-0.23781 	0
0.000178829 	642.965 	-0.252499 	0
0.000197868 	671.271 	-0.264813 	0
0.00021845 	698.011 	-0.274312 	0
0.000240738 	723.339 	-0.280551 	0
0.000264909 	747.396 	-0.283075 	0
0.000291153 	770.313 	-0.280999 	0
0.000319676 	792.232 	-0.274558 	0
0.000350703 	813.314 	-0.263843 	0
0.000384479 	833.695 	-0.248632 	0
0.000421271 	853.459 	-0.229335 	0
0.000461366 	872.676 	-0.206181 	0
0.000505082 	891.402 	-0.179724 	0
0.000552762 	909.694 	-0.150602 	0
0.000604783 	927.595 	-0.119463 	0
0.000661554 	945.152 	-0.0872527 	0
0.000723523 	962.401 	-0.0536198 	0
0.000791177 	979.379 	-0.0221046 	0
0.00086505 	996.121 	0.00825239 	0
0.000945722 	1012.66 	0.0363235 	0
0.00103383 	1029.02 	0.0614928 	0
0.00113007 	1045.24 	0.0835894 	0
0.0012352 	1061.33 	0.102658 	0
0.00135004 	1077.34 	0.119129 	0
0.0014755 	1093.29 	0.133881 	0
0.00161258 	1109.2 	0.148392 	0
0.00176234 	1125.12 	0.164755 	0
0.00192597 	1141.07 	0.185765 	0
0.00210476 	1157.08 	0.214994 	0
0.00230012 	1173.2 	0.256683 	0
0.00251358 	1189.46 	0.315609 	0
0.00274683 	1205.89 	0.396856 	0
0.00300171 	1222.62 	0.506663 	0
0.00328023 	1239.75 	0.649649 	0
0.00358457 	1257.42 	0.829876 	0
0.00391714 	1275.72 	1.05525 	0
0.00428056 	1294.78 	1.33365 	0
0.00467769 	1314.71 	1.66642 	0
0.00511167 	1335.58 	2.06333 	0
0.00558591 	1357.28 	2.53232 	0
0.00610416 	1379.37 	3.09361 	0
0.0066705 	1401.15 	3.7399 	0
0.0072894 	1422.37 	4.50292 	0
0.00796574 	1443.17 	5.51873 	0
0.00855799 	1458.81 	6.65962 	0
0.00894392 	1467.4 	7.53175 	0
0.00951253 	1475.56 	8.88926 	0
0.0103952 	1481.29 	10.7755 	0
0.0113598 	1482.32 	12.0101 	0
0.0124139 	1482.38 	12.3963 	0
0.013566 	1482.39 	12.5788 	0
0.0148251 	1482.42 	12.7409 	0
0.0162011 	1482.42 	12.7385 	0
0.017705 	1482.44 	12.5945 	0
0.0193486 	1482.42 	12.3911 	0
0.0202967 	1482.42 	12.364 	0
0.0212348 	1482.42 	12.3855 	0
0.0231084 	1482.41 	12.3987 	0
0.0252543 	1482.44 	12.5418 	0
0.0276001 	1482.43 	12.9493 	0
0.0301448 	1482.5 	13.4025 	0
0.031484 	1482.53 	13.6115 	0
0.0329673 	1482.53 	13.7674 	0
0.0360314 	1482.49 	13.9634 	0
0.0393815 	1482.52 	13.8769 	0
0.041589 	1482.49 	13.8012 	0
0.0435022 	1482.45 	13.7224 	0
0.0470499 	1482.4 	13.55 	0
0.0506434 	1482.35 	13.6959 	0
0.0529317 	1482.33 	13.8664 	0
0.0562215 	1482.31 	14.1973 	0
0.0602482 	1482.31 	14.7734 	0
0.0629866 	1482.29 	15.1603 	0
0.0671978 	1482.25 	15.689 	0
0.07057 	1482.3 	15.6656 	0
0.0738498 	1482.34 	15.1491 	0
0.078218 	1482.47 	12.3971 	0
0.0818093 	1482.71 	9.88166 	0
0.0859665 	1483.17 	6.732 	0
0.0899001 	1483.51 	4.2087 	0
0.0938543 	1483.76 	1.99324 	0
0.098165 	1483.92 	0.568323 	0
0.101925 	1483.96 	0.282403 	0
0.106651 	1484 	0.0216101 	0
0.110224 	1484 	0.0130395 	0
0.113967 	1484 	0.00323495 	0
0.118805 	1484 	0.000113046 	0
0.122029 	1484 	6.73658e-05 	0
0.126872 	1484 	2.03236e-07 	0
0.130784 	1484 	-2.20409e-08 	0
0.133691 	1484 	-8.69221e-08 	0
0.138506 	1484 	-4.3153e-08 	0
0.142708 	1484 	-4.61128e-08 	0
0.145325 	1484 	-3.85925e-08 	0
0.148982 	1484 	-1.76903e-08 	0
0.15382 	1484 	-2.38374e-09 	0
0.15705 	1484 	-2.3512e-09 	0
0.159283 	1484 	-2.06803e-09 	0
0.16276 	1484 	-1.17273e-09 	0
0.166887 	1484 	-9.77132e-11 	0
0.1708 	1484 	-1.0085e-10 	0
0.172904 	1484 	-9.42588e-11 	0
0.174709 	1484 	-8.36636e-11 	0
0.178025 	1484 	-5.2802e-11 	0
0.181359 	1484 	-8.95868e-12 	0
0.184518 	1484 	-7.07244e-12 	0
0.187512 	1484 	-6.21812e-12 	0
0.189414 	1484 	-5.41046e-12 	0
0.190794 	1484 	-4.72461e-12 	0
0.193039 	1484 	-3.55159e-12 	0
0.195586 	1484 	-2.49885e-12 	0
0.197999 	1484 	-1.14788e-12 	0
0.200286 	1484 	-2.98692e-13 	0
0.202452 	1484 	3.19286e-15 	0
0.204504 	1484 	-3.28765e-14 	0
0.206447 	1484 	-1.89805e-13 	0
0.207887 	1484 	-2.02268e-13 	0
0.208782 	1484 	-2.0198e-13 	0
0.21003 	1484 	-2.17825e-13 	0
0.21168 	1484 	-2.82529e-13 	0
0.213242 	1484 	-4.40821e-13 	0
0.214721 	1484 	-4.33727e-13 	0
0.216122 	1484 	-4.65059e-13 	0
0.217447 	1484 	-5.33463e-13 	0
0.218702 	1484 	-5.67972e-13 	0
0.219889 	1484 	-4.98986e-13 	0
0.221014 	1484 	-5.29345e-13 	0
0.222078 	1484 	-5.39785e-13 	0
0.223085 	1484 	-5.97482e-13 	0
0.224038 	1484 	-6.10848e-13 	0
0.22494 	1484 	-4.59658e-13 	0
0.225793 	1484 	-4.63532e-13 	0
0.2266 	1484 	-4.62764e-13 	0
0.227363 	1484 	-4.37093e-13 	0
0.228086 	1484 	-4.1873e-13 	0
0.228681 	1484 	-3.913e-13 	0
0.229013 	1484 	-3.84941e-13 	0
0.229416 	1484 	-4.04876e-13 	0
0.230028 	1484 	-4.3912e-13 	0
0.230607 	1484 	-4.56654e-13 	0
0.231154 	1484 	-4.34838e-13 	0
0.231672 	1484 	-3.70949e-13 	0
0.232161 	1484 	-3.12706e-13 	0
0.232625 	1484 	-3.15492e-13 	0
0.233063 	1484 	-4.37423e-13 	0
0.233478 	1484 	-5.74725e-13 	0
0.23387 	1484 	-6.26049e-13 	0
0.234241 	1484 	-6.19757e-13 	0
0.234591 	1484 	-6.16985e-13 	0
0.234924 	1484 	-6.23783e-13 	0
0.235237 	1484 	-6.74394e-13 	0
0.235535 	1484 	-6.24286e-13 	0
0.235816 	1484 	-6.47565e-13 	0
0.236082 	1484 	-5.51126e-13 	0
0.236335 	1484 	-5.48786e-13 	0
0.236575 	1484 	-5.90377e-13 	0
0.236811 	1484 	-4.80025e-13 	0
0.237052 	1484 	-4.79182e-13 	0
0.237298 	1484 	-4.867e-13 	0
0.237548 	1484 	-4.82131e-13 	0
0.237805 	1484 	-4.94295e-13 	0
0.238067 	1484 	-4.78136e-13 	0
0.238335 	1484 	-5.8034e-13 	0
0.23861 	1484 	-5.36984e-13 	0
0.238891 	1484 	-5.70929e-13 	0
0.239179 	1484 	-5.67776e-13 	0
0.239474 	1484 	-5.72699e-13 	0
0.239775 	1484 	-5.71276e-13 	0
0.240085 	1484 	-5.0754e-13 	0
0.240402 	1484 	-7.04247e-13 	0
0.240727 	1484 	-8.70212e-13 	0
0.241058 	1484 	-1.21032e-12 	0
0.241398 	1484 	-1.44625e-12 	0
0.241747 	1484 	-6.70853e-13 	0
0.242104 	1484 	-1.69447e-12 	0
0.242469 	1484 	-1.06967e-12 	0
0.242844 	1484 	-2.49303e-12 	0
0.243227 	1484 	-5.39439e-12 	0
0.24362 	1484 	-8.83949e-12 	0
0.244022 	1484 	-1.22865e-11 	0
0.244434 	1484 	-1.84591e-11 	0
0.244855 	1484 	-2.28547e-11 	0
0.245287 	1484 	-2.38904e-11 	0
0.245728 	1484 	-1.60493e-11 	0
0.246182 	1484 	2.27811e-11 	0
0.246646 	1484 	1.14494e-10 	0
0.24712 	1484 	3.04115e-10 	0
0.247605 	1484 	6.6366e-10 	0
0.248102 	1484 	1.29556e-09 	0
0.248612 	1484 	2.34932e-09 	0
0.249133 	1484 	4.02502e-09 	0
0.249667 	1484 	6.59995e-09 	0
0.250213 	1484 	1.04287e-08 	0
0.250772 	1484 	1.59592e-08 	0
0.251345 	1484 	2.3741e-08 	0
0.251931 	1484 	3.44407e-08 	0
0.252531 	1484 	4.88149e-08 	0
0.253145 	1484 	6.77397e-08 	0
0.253587 	1484 	8.41367e-08 	0
0.253906 	1484 	9.78212e-08 	0
0.254418 	1484 	1.22975e-07 	0
0.255076 	1484 	1.61335e-07 	0
0.25575 	1484 	2.08328e-07 	0
0.25644 	1484 	2.64971e-07 	0
0.257146 	1484 	3.32242e-07 	0
0.257868 	1484 	4.10977e-07 	0
0.258608 	1484 	5.01658e-07 	0
0.259364 	1484 	6.04635e-07 	0
0.260139 	1484 	7.1988e-07 	0
0.260931 	1484 	8.46943e-07 	0
0.261741 	1484 	9.8494e-07 	0
0.262571 	1484 	1.13223e-06 	0
0.263419 	1484 	1.28684e-06 	0
0.264287 	1484 	1.44629e-06 	0
0.265176 	1484 	1.60715e-06 	0
0.266085 	1484 	1.76538e-06 	0
0.267014 	1484 	1.91587e-06 	0
0.267965 	1484 	2.05915e-06 	0
0.268938 	1484 	2.19534e-06 	0
0.269932 	1484 	2.30844e-06 	0
0.27095 	1484 	2.39129e-06 	0
0.271991 	1484 	2.43545e-06 	0
0.273056 	1484 	2.43938e-06 	0
0.274145 	1484 	2.40357e-06 	0
0.275258 	1484 	2.33065e-06 	0
0.276397 	1484 	2.19151e-06 	0
0.277562 	1484 	1.97973e-06 	0
0.278752 	1484 	1.69307e-06 	0
0.279969 	1484 	1.32707e-06 	0
0.281073 	1484 	9.31509e-07 	0
0.281704 	1484 	6.85998e-07 	0
0.282492 	1484 	3.40915e-07 	0
0.283802 	1484 	-2.86222e-07 	0
0.285142 	1484 	-1.0089e-06 	0
0.286512 	1484 	-1.8278e-06 	0
0.287913 	1484 	-2.73923e-06 	0
0.289346 	1484 	-3.73655e-06 	0
0.290812 	1484 	-4.81114e-06 	0
0.29231 	1484 	-5.95329e-06 	0
0.293842 	1484 	-7.15039e-06 	0
0.295409 	1484 	-8.39024e-06 	0
0.29701 	1484 	-9.60878e-06 	0
0.298648 	1484 	-1.06904e-05 	0
0.300322 	1484 	-1.17391e-05 	0
0.302032 	1484 	-1.27356e-05 	0
0.303782 	1484 	-1.36583e-05 	0
0.305569 	1484 	-1.44878e-05 	0
0.307397 	1484 	-1.52034e-05 	0
0.309265 	1484 	-1.57846e-05 	0
0.310844 	1484 	-1.61578e-05 	0
0.311808 	1484 	-1.63274e-05 	0
0.313121 	1484 	-1.64842e-05 	0
0.315112 	1484 	-1.65696e-05 	0
0.317146 	1484 	-1.64555e-05 	0
0.319224 	1484 	-1.61284e-05 	0
0.321348 	1484 	-1.55834e-05 	0
0.323518 	1484 	-1.48095e-05 	0
0.325733 	1484 	-1.38012e-05 	0
0.327996 	1484 	-1.27694e-05 	0
0.330308 	1484 	-1.25894e-05 	0
0.332669 	1484 	-1.22976e-05 	0
0.33508 	1484 	-1.18918e-05 	0
0.337542 	1484 	-1.13778e-05 	0
0.340057 	1484 	-1.07536e-05 	0
0.342457 	1484 	-1.00754e-05 	0
0.343757 	1484 	-9.67905e-06 	0
0.345282 	1484 	-9.1861e-06 	0
0.348019 	1484 	-8.24224e-06 	0
0.350819 	1484 	-7.19866e-06 	0
0.35368 	1484 	-6.06164e-06 	0
0.356603 	1484 	-4.82943e-06 	0
0.359592 	1484 	-3.50692e-06 	0
0.362645 	1484 	-2.6562e-06 	0
0.365765 	1484 	-2.1354e-06 	0
0.368952 	1484 	-1.58909e-06 	0
0.372208 	1484 	-1.01762e-06 	0
0.375533 	1484 	-4.22323e-07 	0
0.377533 	1484 	-5.88755e-08 	0
