-2.592480000000000118e+00 1.000000000000000000e+00
-2.385069999999999801e+00 1.000000000000000000e+00
-2.194240000000000190e+00 1.001925520421100835e+00
-2.018664999999999932e+00 1.010258929957349228e+00
-1.857129999999999947e+00 1.141731692189563496e+00
-1.708509999999999751e+00 1.317425900429313845e+00
-1.571770000000000111e+00 1.520989331927393273e+00
-1.445954999999999879e+00 1.675557909128833733e+00
-1.330204999999999860e+00 1.740402217591198841e+00
-1.223694999999999977e+00 1.791284277488936150e+00
-1.125694999999999890e+00 1.833892252035316695e+00
-1.035525000000000029e+00 1.872210107785802657e+00
-9.525550000000000406e-01 1.904692232846322053e+00
-8.762100000000000444e-01 1.933549120579307834e+00
-8.059549999999999770e-01 1.960104109742722978e+00
-7.413049999999999917e-01 1.986830818684732547e+00
-6.818099999999999161e-01 2.015700957805491633e+00
-6.270600000000000618e-01 2.042268570493306346e+00
-5.766699999999999049e-01 2.066720479230091723e+00
-5.302849999999998953e-01 2.079680896084819874e+00
-4.875864999999999783e-01 2.089787598582104611e+00
-4.482814999999999994e-01 2.099091062208596981e+00
-4.120935000000000015e-01 2.107656734304144575e+00
-3.787710000000000243e-01 2.115544144727596887e+00
-3.480814999999999881e-01 2.122808326052243455e+00
-3.198130000000000139e-01 2.129588753748977048e+00
-2.937679999999999736e-01 2.142030996261760745e+00
-2.697660000000000058e-01 2.153497254844668252e+00
-2.476399999999999990e-01 2.164067308898722786e+00
-2.272355000000000069e-01 2.173814966312893837e+00
-2.084110000000000129e-01 2.182807824603617330e+00
-1.910360000000000114e-01 2.191108226356722088e+00
-1.749890000000000057e-01 2.198774214669359406e+00
-1.601594999999999824e-01 2.205858577708073920e+00
-1.464430000000000176e-01 2.212411237313625545e+00
-1.337450000000000028e-01 2.218477338117132103e+00
-1.219775000000000026e-01 2.224098919563443744e+00
-1.110574999999999896e-01 2.229315632492589128e+00
-1.009099999999999997e-01 2.234163305976884395e+00
-9.146449999999999025e-02 2.238302094140581566e+00
-8.265499999999999237e-02 2.242045702327715606e+00
-7.441949999999999954e-02 2.245545388487559801e+00
-6.670199999999999740e-02 2.248824949891068403e+00
-5.944849999999999440e-02 2.251907333906662867e+00
-5.260799999999999504e-02 2.254814213048963012e+00
-4.613355000000000233e-02 2.257565538779956693e+00
-3.997979999999999590e-02 2.260180582639605973e+00
-3.410404999999999687e-02 2.262677490047013240e+00
-2.846545000000000325e-02 2.265073620261437881e+00
-2.302480000000000152e-02 2.267385631372548893e+00
-1.774420000000000164e-02 2.269629629033367735e+00
-1.258700000000000097e-02 2.271821187707831591e+00
-7.517399999999999603e-03 2.273975520651301263e+00
-2.500000000000000052e-03 2.276107671138630550e+00
2.283864999999999940e-03 2.278140580631808021e+00
6.858799999999999966e-03 2.280084705056759198e+00
1.145529999999999986e-02 2.282037993555784183e+00
1.608785000000000076e-02 2.285911592682648763e+00
2.077104999999999924e-02 2.290194325435149558e+00
2.551965000000000136e-02 2.294536865738473264e+00
3.034854999999999844e-02 2.298952839471935850e+00
3.527299999999999880e-02 2.303456192585843443e+00
4.030850000000000405e-02 2.308061099652639392e+00
4.547090000000000160e-02 2.312782055315756313e+00
5.077649999999999525e-02 2.317633965738473467e+00
5.624149999999999983e-02 2.322631645635214515e+00
6.188399999999999457e-02 2.327791647248638185e+00
6.772150000000000392e-02 2.333129974128276718e+00
7.377150000000000374e-02 2.338662629823662797e+00
8.005400000000000016e-02 2.344407904105689333e+00
8.658849999999999880e-02 2.350383629500977900e+00
9.339549999999999241e-02 2.356608553024695407e+00
1.004970000000000030e-01 2.363102793424824544e+00
1.079145000000000104e-01 2.369886012205076220e+00
1.156714999999999965e-01 2.376979699846251126e+00
1.237924999999999998e-01 2.384406261317693509e+00
1.323039999999999772e-01 2.392189930565838285e+00
1.412309999999999954e-01 2.400353569804302367e+00
1.506035000000000013e-01 2.408924613689426675e+00
1.604490000000000083e-01 2.417928210656190569e+00
1.708000000000000074e-01 2.427394081582295637e+00
1.816889999999999894e-01 2.436724306979936472e+00
1.931499999999999884e-01 2.444008557708798879e+00
2.052185000000000259e-01 2.451678916309381950e+00
2.179330000000000156e-01 2.459759852169439931e+00
2.313334999999999975e-01 2.468276788029497570e+00
2.454625000000000279e-01 2.477256735551363498e+00
2.603639999999999843e-01 2.486727659749613739e+00
2.760849999999999693e-01 2.496719432344365330e+00
2.926750000000000185e-01 2.507263513977018299e+00
3.101864999999999761e-01 2.518393271994510130e+00
3.286749999999999949e-01 2.530143980449320207e+00
3.481974999999999931e-01 2.542551866746696199e+00
3.688154999999999628e-01 2.555656018350194181e+00
3.905954999999999844e-01 2.569498700565937099e+00
4.136044999999999305e-01 2.587361063461065314e+00
4.379155000000000131e-01 2.609351926531604970e+00
4.636044999999999749e-01 2.632589279228700896e+00
4.907544999999999824e-01 2.657148200390526682e+00
5.194499999999999673e-01 2.683105125701730653e+00
5.497750000000000137e-01 2.710536038564801409e+00
5.818349999999999911e-01 2.739536370515009533e+00
6.157250000000000778e-01 2.770192055162312705e+00
6.515549999999999953e-01 2.802602594581400375e+00
6.894299999999999873e-01 2.836862968025384291e+00
7.294799999999999063e-01 2.873090768855260269e+00
7.718300000000000161e-01 2.911399067610447311e+00
8.166100000000000581e-01 2.951905457651941678e+00
8.639499999999999957e-01 2.994727532340739184e+00
9.140199999999999436e-01 3.040019067610449266e+00
9.669600000000000417e-01 3.087906702465221809e+00
1.022950000000000026e+00 3.136400524395807743e+00
1.082154999999999978e+00 3.186426454628364713e+00
1.144770000000000065e+00 3.239333702690379013e+00
1.210984999999999978e+00 3.294969929954969512e+00
1.281015000000000015e+00 3.338252951421150527e+00
1.355075000000000029e+00 3.384026770781215721e+00
1.433404999999999818e+00 3.432439723393609476e+00
1.516239999999999810e+00 3.483637054296809588e+00
1.603849999999999998e+00 3.537785640769066209e+00
1.696514999999999773e+00 3.595058540728564456e+00
1.794509999999999827e+00 3.655625721773522407e+00
1.898164999999999880e+00 3.709455763238534320e+00
2.007789999999999964e+00 3.726989328902512000e+00
2.123734999999999928e+00 3.746016679131315197e+00
2.246360000000000134e+00 3.767803353947939193e+00
2.376065000000000094e+00 3.790847926075076479e+00
2.513239999999999696e+00 3.823450676384409608e+00
2.658334999999999670e+00 3.863171115898852204e+00
2.811795000000000044e+00 3.905181513554776718e+00
2.974105000000000221e+00 3.925764772617148957e+00
3.145780000000000243e+00 3.947131386270195108e+00
3.327349999999999586e+00 3.969729528346697567e+00
3.519400000000000084e+00 4.000105611503706804e+00
3.722525000000000084e+00 4.055712036786248476e+00
