4.96314e-06 	28.5484 	-0.015637 	0
1.48429e-05 	83.7992 	-0.0418135 	0
2.46948e-05 	137.261 	-0.0640418 	0
3.46404e-05 	189.766 	-0.0865328 	0
4.47862e-05 	241.743 	-0.109393 	0
5.52311e-05 	293.074 	-0.132867 	0
6.60699e-05 	343.145 	-0.157036 	0
7.73965e-05 	391.123 	-0.181726 	0
8.93058e-05 	436.333 	-0.206788 	0
0.000101896 	478.466 	-0.232076 	0
0.000115268 	517.577 	-0.256958 	0
0.00012953 	554.029 	-0.280791 	0
0.000144795 	588.177 	-0.302865 	0
0.000161185 	620.213 	-0.322486 	0
0.000178829 	650.308 	-0.338925 	0
0.000197868 	678.638 	-0.351645 	0
0.00021845 	705.373 	-0.359817 	0
0.000240738 	730.671 	-0.363476 	0
0.000264909 	754.676 	-0.360658 	0
0.000291153 	777.525 	-0.351328 	0
0.000319676 	799.365 	-0.335849 	0
0.000350703 	820.364 	-0.313435 	0
0.000384479 	840.66 	-0.284481 	0
0.000421271 	860.334 	-0.249074 	0
0.000461366 	879.454 	-0.207641 	0
0.000505082 	898.078 	-0.160778 	0
0.000552762 	916.26 	-0.10931 	0
0.000604783 	934.046 	-0.0542826 	0
0.000661554 	951.479 	0.00319124 	0
0.000723523 	968.598 	0.0619278 	0
0.000791177 	985.437 	0.119861 	0
0.00086505 	1002.03 	0.176017 	0
0.000945722 	1018.41 	0.228952 	0
0.00103383 	1034.6 	0.277355 	0
0.00113007 	1050.63 	0.320224 	0
0.0012352 	1066.54 	0.356925 	0
0.00135004 	1082.35 	0.38736 	0
0.0014755 	1098.07 	0.411892 	0
0.00161258 	1113.76 	0.431479 	0
0.00176234 	1129.42 	0.447691 	0
0.00192597 	1145.09 	0.462827 	0
0.00210476 	1160.81 	0.480177 	0
0.00230012 	1176.62 	0.50406 	0
0.00251358 	1192.55 	0.539639 	0
0.00274683 	1208.63 	0.592768 	0
0.00300171 	1224.95 	0.670437 	0
0.00328023 	1241.61 	0.779044 	0
0.00358457 	1258.77 	0.926449 	0
0.00391714 	1276.55 	1.11666 	0
0.00428056 	1295.1 	1.36532 	0
0.00467769 	1314.54 	1.6773 	0
0.00511167 	1334.94 	2.06232 	0
0.00558591 	1356.24 	2.52828 	0
0.00610416 	1378.03 	3.09273 	0
0.0066705 	1399.67 	3.75109 	0
0.0072894 	1420.75 	4.52184 	0
0.00796574 	1441.39 	5.50713 	0
0.00855799 	1457.09 	6.58872 	0
0.00894392 	1465.89 	7.40598 	0
0.00951253 	1474.58 	8.70653 	0
0.0103952 	1481.02 	10.6096 	0
0.0113598 	1482.29 	11.9612 	0
0.0124139 	1482.37 	12.2228 	0
0.013566 	1482.38 	12.2337 	0
0.0148251 	1482.4 	12.3974 	0
0.0162011 	1482.45 	12.6338 	0
0.017705 	1482.47 	12.974 	0
0.0193486 	1482.49 	13.0571 	0
0.0202967 	1482.51 	13.1004 	0
0.0212348 	1482.51 	13.141 	0
0.0231084 	1482.53 	13.1595 	0
0.0252543 	1482.54 	13.0327 	0
0.0276001 	1482.53 	13.1997 	0
0.0301448 	1482.56 	13.563 	0
0.031484 	1482.56 	13.7604 	0
0.0329673 	1482.54 	13.9061 	0
0.0360314 	1482.51 	14.0305 	0
0.0393815 	1482.48 	13.9122 	0
0.041589 	1482.41 	13.8139 	0
0.0435022 	1482.37 	13.7062 	0
0.0470499 	1482.38 	13.4714 	0
0.0506434 	1482.3 	13.6926 	0
0.0529317 	1482.3 	13.8878 	0
0.0562215 	1482.34 	14.2309 	0
0.0602482 	1482.32 	14.8834 	0
0.0629866 	1482.33 	15.2575 	0
0.0671978 	1482.35 	15.695 	0
0.07057 	1482.26 	15.5631 	0
0.0738498 	1482.22 	15.0149 	0
0.078218 	1482.47 	12.4872 	0
0.0818093 	1482.77 	10.0365 	0
0.0859665 	1483.2 	6.68883 	0
0.0899001 	1483.52 	4.08558 	0
0.0938543 	1483.77 	1.94317 	0
0.098165 	1483.93 	0.563362 	0
0.101925 	1483.97 	0.279717 	0
0.106651 	1484 	0.0223482 	0
0.110224 	1484 	0.0134029 	0
0.113967 	1484 	0.00335298 	0
0.118805 	1484 	0.000166286 	0
0.122029 	1484 	9.75566e-05 	0
0.126872 	1484 	-4.62281e-07 	0
0.130784 	1484 	-2.75298e-07 	0
0.133691 	1484 	-1.66397e-07 	0
0.138506 	1484 	-7.96967e-08 	0
0.142708 	1484 	-5.5014e-08 	0
0.145325 	1484 	-4.0171e-08 	0
0.148982 	1484 	-1.99168e-08 	0
0.15382 	1484 	-7.39221e-09 	0
0.15705 	1484 	-5.68138e-09 	0
0.159283 	1484 	-4.33311e-09 	0
0.16276 	1484 	-1.98114e-09 	0
0.166887 	1484 	6.73024e-11 	0
0.1708 	1484 	5.13029e-11 	0
0.172904 	1484 	4.175e-11 	0
0.174709 	1484 	3.37442e-11 	0
0.178025 	1484 	2.54773e-11 	0
0.181359 	1484 	3.12643e-11 	0
0.184518 	1484 	3.1791e-11 	0
0.187512 	1484 	2.91218e-11 	0
0.189414 	1484 	2.64253e-11 	0
0.190794 	1484 	2.41175e-11 	0
0.193039 	1484 	1.98584e-11 	0
0.195586 	1484 	1.41307e-11 	0
0.197999 	1484 	8.76896e-12 	0
0.200286 	1484 	5.97811e-12 	0
0.202452 	1484 	5.41285e-12 	0
0.204504 	1484 	4.84183e-12 	0
0.206447 	1484 	4.27798e-12 	0
0.207887 	1484 	3.8118e-12 	0
0.208782 	1484 	3.49717e-12 	0
0.21003 	1484 	3.03504e-12 	0
0.21168 	1484 	2.40142e-12 	0
0.213242 	1484 	1.75449e-12 	0
0.214721 	1484 	1.07862e-12 	0
0.216122 	1484 	4.66244e-13 	0
0.217447 	1484 	2.13768e-14 	0
0.218702 	1484 	-3.50109e-13 	0
0.219889 	1484 	-4.59781e-13 	0
0.221014 	1484 	-4.14993e-13 	0
0.222078 	1484 	-5.70567e-13 	0
0.223085 	1484 	-6.45612e-13 	0
0.224038 	1484 	-6.99745e-13 	0
0.22494 	1484 	-7.0575e-13 	0
0.225793 	1484 	-7.34268e-13 	0
0.2266 	1484 	-6.83131e-13 	0
0.227363 	1484 	-6.24517e-13 	0
0.228086 	1484 	-5.97652e-13 	0
0.228681 	1484 	-6.1345e-13 	0
0.229013 	1484 	-6.31619e-13 	0
0.229416 	1484 	-6.25328e-13 	0
0.230028 	1484 	-6.35921e-13 	0
0.230607 	1484 	-7.10775e-13 	0
0.231154 	1484 	-7.26223e-13 	0
0.231672 	1484 	-7.27904e-13 	0
0.232161 	1484 	-6.82982e-13 	0
0.232625 	1484 	-7.12707e-13 	0
0.233063 	1484 	-7.75296e-13 	0
0.233478 	1484 	-6.60252e-13 	0
0.23387 	1484 	-6.10676e-13 	0
0.234241 	1484 	-6.30055e-13 	0
0.234591 	1484 	-6.22639e-13 	0
0.234924 	1484 	-5.73224e-13 	0
0.235237 	1484 	-6.01995e-13 	0
0.235535 	1484 	-3.68919e-13 	0
0.235816 	1484 	-1.82791e-13 	0
0.236082 	1484 	-1.71801e-13 	0
0.236335 	1484 	-1.79962e-13 	0
0.236575 	1484 	-1.10194e-13 	0
0.236811 	1484 	-1.483e-14 	0
0.237052 	1484 	-2.32511e-14 	0
0.237298 	1484 	-7.19477e-14 	0
0.237548 	1484 	-3.16906e-14 	0
0.237805 	1484 	-5.65452e-14 	0
0.238067 	1484 	-6.5642e-14 	0
0.238335 	1484 	-4.92664e-14 	0
0.23861 	1484 	-1.20782e-13 	0
0.238891 	1484 	-7.33639e-15 	0
0.239179 	1484 	-2.40316e-13 	0
0.239474 	1484 	-4.34262e-13 	0
0.239775 	1484 	-3.14879e-13 	0
0.240085 	1484 	-2.56635e-13 	0
0.240402 	1484 	-3.49799e-13 	0
0.240727 	1484 	-6.67577e-13 	0
0.241058 	1484 	-1.57694e-12 	0
0.241398 	1484 	-1.8196e-12 	0
0.241747 	1484 	-1.52398e-12 	0
0.242104 	1484 	-1.49422e-12 	0
0.242469 	1484 	-1.28361e-12 	0
0.242844 	1484 	-3.57397e-12 	0
0.243227 	1484 	-5.8285e-12 	0
0.24362 	1484 	-8.9944e-12 	0
0.244022 	1484 	-1.22395e-11 	0
0.244434 	1484 	-1.71667e-11 	0
0.244855 	1484 	-2.14209e-11 	0
0.245287 	1484 	-2.14054e-11 	0
0.245728 	1484 	-1.42985e-11 	0
0.246182 	1484 	1.97719e-11 	0
0.246646 	1484 	1.07888e-10 	0
0.24712 	1484 	2.94435e-10 	0
0.247605 	1484 	6.46492e-10 	0
0.248102 	1484 	1.26807e-09 	0
0.248612 	1484 	2.30786e-09 	0
0.249133 	1484 	3.96356e-09 	0
0.249667 	1484 	6.50962e-09 	0
0.250213 	1484 	1.02973e-08 	0
0.250772 	1484 	1.57712e-08 	0
0.251345 	1484 	2.34783e-08 	0
0.251931 	1484 	3.40816e-08 	0
0.252531 	1484 	4.83345e-08 	0
0.253145 	1484 	6.71082e-08 	0
0.253587 	1484 	8.33805e-08 	0
0.253906 	1484 	9.69651e-08 	0
0.254418 	1484 	1.21944e-07 	0
0.255076 	1484 	1.60051e-07 	0
0.25575 	1484 	2.06754e-07 	0
0.25644 	1484 	2.63068e-07 	0
0.257146 	1484 	3.29976e-07 	0
0.257868 	1484 	4.08315e-07 	0
0.258608 	1484 	4.98571e-07 	0
0.259364 	1484 	6.01105e-07 	0
0.260139 	1484 	7.15898e-07 	0
0.260931 	1484 	8.42508e-07 	0
0.261741 	1484 	9.80065e-07 	0
0.262571 	1484 	1.12695e-06 	0
0.263419 	1484 	1.28121e-06 	0
0.264287 	1484 	1.44036e-06 	0
0.265176 	1484 	1.60097e-06 	0
0.266085 	1484 	1.75909e-06 	0
0.267014 	1484 	1.90961e-06 	0
0.267965 	1484 	2.05298e-06 	0
0.268938 	1484 	2.18948e-06 	0
0.269932 	1484 	2.30294e-06 	0
0.27095 	1484 	2.38656e-06 	0
0.271991 	1484 	2.43159e-06 	0
0.273056 	1484 	2.43632e-06 	0
0.274145 	1484 	2.4015e-06 	0
0.275258 	1484 	2.32959e-06 	0
0.276397 	1484 	2.19218e-06 	0
0.277562 	1484 	1.9822e-06 	0
0.278752 	1484 	1.69746e-06 	0
0.279969 	1484 	1.33354e-06 	0
0.281073 	1484 	9.39954e-07 	0
0.281704 	1484 	6.95594e-07 	0
0.282492 	1484 	3.51999e-07 	0
0.283802 	1484 	-2.72623e-07 	0
0.285142 	1484 	-9.92692e-07 	0
0.286512 	1484 	-1.80894e-06 	0
0.287913 	1484 	-2.71779e-06 	0
0.289346 	1484 	-3.71259e-06 	0
0.290812 	1484 	-4.7848e-06 	0
0.29231 	1484 	-5.92471e-06 	0
0.293842 	1484 	-7.11976e-06 	0
0.295409 	1484 	-8.35779e-06 	0
0.29701 	1484 	-9.57482e-06 	0
0.298648 	1484 	-1.06554e-05 	0
0.300322 	1484 	-1.17034e-05 	0
0.302032 	1484 	-1.26996e-05 	0
0.303782 	1484 	-1.36224e-05 	0
0.305569 	1484 	-1.44523e-05 	0
0.307397 	1484 	-1.51687e-05 	0
0.309265 	1484 	-1.5751e-05 	0
0.310844 	1484 	-1.61253e-05 	0
0.311808 	1484 	-1.62956e-05 	0
0.313121 	1484 	-1.64537e-05 	0
0.315112 	1484 	-1.65411e-05 	0
0.317146 	1484 	-1.64292e-05 	0
0.319224 	1484 	-1.61045e-05 	0
0.321348 	1484 	-1.5562e-05 	0
0.323518 	1484 	-1.47907e-05 	0
0.325733 	1484 	-1.37852e-05 	0
0.327996 	1484 	-1.27557e-05 	0
0.330308 	1484 	-1.25771e-05 	0
0.332669 	1484 	-1.22865e-05 	0
0.33508 	1484 	-1.1882e-05 	0
0.337542 	1484 	-1.13692e-05 	0
0.340057 	1484 	-1.07463e-05 	0
0.342457 	1484 	-1.00692e-05 	0
0.343757 	1484 	-9.67342e-06 	0
0.345282 	1484 	-9.18103e-06 	0
0.348019 	1484 	-8.23807e-06 	0
0.350819 	1484 	-7.19536e-06 	0
0.35368 	1484 	-6.05868e-06 	0
0.356603 	1484 	-4.82734e-06 	0
0.359592 	1484 	-3.50612e-06 	0
0.362645 	1484 	-2.65479e-06 	0
0.365765 	1484 	-2.1344e-06 	0
0.368952 	1484 	-1.58851e-06 	0
0.372208 	1484 	-1.01732e-06 	0
0.375533 	1484 	-4.22205e-07 	0
0.377533 	1484 	-5.88575e-08 	0
