4.96314e-06 	28.2622 	-0.00405773 	0
1.48429e-05 	83.0137 	-0.010416 	0
2.46948e-05 	136.039 	-0.014417 	0
3.46404e-05 	188.145 	-0.0180966 	0
4.47862e-05 	239.743 	-0.0220776 	0
5.52311e-05 	290.707 	-0.0268174 	0
6.60699e-05 	340.42 	-0.0324831 	0
7.73965e-05 	388.057 	-0.0387873 	0
8.93058e-05 	432.961 	-0.0452424 	0
0.000101896 	474.842 	-0.0514098 	0
0.000115268 	513.792 	-0.0569494 	0
0.00012953 	550.18 	-0.061669 	0
0.000144795 	584.331 	-0.065754 	0
0.000161185 	616.43 	-0.0691589 	0
0.000178829 	646.645 	-0.0718144 	0
0.000197868 	675.146 	-0.0736166 	0
0.00021845 	702.101 	-0.0745086 	0
0.000240738 	727.662 	-0.0743503 	0
0.000264909 	751.971 	-0.073127 	0
0.000291153 	775.156 	-0.070821 	0
0.000319676 	797.349 	-0.0672195 	0
0.000350703 	818.683 	-0.0621561 	0
0.000384479 	839.297 	-0.0552633 	0
0.000421271 	859.299 	-0.046333 	0
0.000461366 	878.753 	-0.0351044 	0
0.000505082 	897.717 	-0.0211866 	0
0.000552762 	916.239 	-0.00575966 	0
0.000604783 	934.363 	0.0145096 	0
0.000661554 	952.132 	0.0376271 	0
0.000723523 	969.58 	0.0646694 	0
0.000791177 	986.742 	0.0959668 	0
0.00086505 	1003.65 	0.131551 	0
0.000945722 	1020.33 	0.171213 	0
0.00103383 	1036.82 	0.214541 	0
0.00113007 	1053.13 	0.261169 	0
0.0012352 	1069.3 	0.310595 	0
0.00135004 	1085.36 	0.362111 	0
0.0014755 	1101.32 	0.414916 	0
0.00161258 	1117.22 	0.468308 	0
0.00176234 	1133.09 	0.521729 	0
0.00192597 	1148.95 	0.574781 	0
0.00210476 	1164.84 	0.627922 	0
0.00230012 	1180.8 	0.681982 	0
0.00251358 	1196.88 	0.740159 	0
0.00274683 	1213.09 	0.799471 	0
0.00300171 	1229.53 	0.870658 	0
0.00328023 	1246.3 	0.957998 	0
0.00358457 	1263.56 	1.06962 	0
0.00391714 	1281.39 	1.21672 	0
0.00428056 	1299.95 	1.41347 	0
0.00467769 	1319.35 	1.67675 	0
0.00511167 	1339.69 	2.03028 	0
0.00558591 	1360.87 	2.49642 	0
0.00610416 	1382.43 	3.09764 	0
0.0066705 	1403.68 	3.83519 	0
0.0072894 	1424.36 	4.73629 	0
0.00796574 	1444.58 	5.91346 	0
0.00855799 	1459.74 	7.16944 	0
0.00894392 	1468.05 	8.08934 	0
0.00951253 	1475.95 	9.49283 	0
0.0103952 	1481.52 	11.4269 	0
0.0113598 	1482.56 	12.5865 	0
0.0124139 	1482.62 	12.7959 	0
0.013566 	1482.61 	12.5825 	0
0.0148251 	1482.59 	12.4989 	0
0.0162011 	1482.59 	12.5621 	0
0.017705 	1482.6 	12.8308 	0
0.0193486 	1482.62 	13.065 	0
0.0202967 	1482.63 	13.209 	0
0.0212348 	1482.63 	13.3106 	0
0.0231084 	1482.62 	13.3966 	0
0.0252543 	1482.58 	13.3471 	0
0.0276001 	1482.55 	13.2143 	0
0.0301448 	1482.47 	12.8512 	0
0.031484 	1482.44 	12.7209 	0
0.0329673 	1482.43 	12.6777 	0
0.0360314 	1482.44 	12.7066 	0
0.0393815 	1482.42 	13.0833 	0
0.041589 	1482.45 	13.408 	0
0.0435022 	1482.47 	13.6679 	0
0.0470499 	1482.49 	14.0587 	0
0.0506434 	1482.48 	14.3694 	0
0.0529317 	1482.47 	14.4986 	0
0.0562215 	1482.46 	14.5928 	0
0.0602482 	1482.35 	14.5878 	0
0.0629866 	1482.3 	14.5818 	0
0.0671978 	1482.22 	14.6031 	0
0.07057 	1482.22 	14.3405 	0
0.0738498 	1482.28 	14.0156 	0
0.078218 	1482.54 	13.075 	0
0.0818093 	1482.81 	11.0534 	0
0.0859665 	1483.19 	6.72431 	0
0.0899001 	1483.5 	3.74785 	0
0.0938543 	1483.76 	1.84786 	0
0.098165 	1483.92 	0.597068 	0
0.101925 	1483.96 	0.295287 	0
0.106651 	1484 	0.0211544 	0
0.110224 	1484 	0.0127491 	0
0.113967 	1484 	0.003197 	0
0.118805 	1484 	0.000147877 	0
0.122029 	1484 	8.66464e-05 	0
0.126872 	1484 	9.86904e-07 	0
0.130784 	1484 	6.20192e-07 	0
0.133691 	1484 	3.61125e-07 	0
0.138506 	1484 	2.02851e-08 	0
0.142708 	1484 	1.5472e-08 	0
0.145325 	1484 	1.05833e-08 	0
0.148982 	1484 	2.99484e-09 	0
0.15382 	1484 	-7.53333e-10 	0
0.15705 	1484 	-5.19403e-10 	0
0.159283 	1484 	-4.23069e-10 	0
0.16276 	1484 	-2.80132e-10 	0
0.166887 	1484 	-7.49196e-11 	0
0.1708 	1484 	-3.70236e-11 	0
0.172904 	1484 	-2.63966e-11 	0
0.174709 	1484 	-2.15644e-11 	0
0.178025 	1484 	-1.50164e-11 	0
0.181359 	1484 	-7.3567e-12 	0
0.184518 	1484 	-4.6134e-12 	0
0.187512 	1484 	-3.02066e-12 	0
0.189414 	1484 	-2.19026e-12 	0
0.190794 	1484 	-1.85256e-12 	0
0.193039 	1484 	-1.33929e-12 	0
0.195586 	1484 	-8.82558e-13 	0
0.197999 	1484 	-2.77785e-13 	0
0.200286 	1484 	4.84144e-14 	0
0.202452 	1484 	6.06975e-14 	0
0.204504 	1484 	5.40754e-14 	0
0.206447 	1484 	8.44274e-14 	0
0.207887 	1484 	1.08103e-13 	0
0.208782 	1484 	1.31504e-13 	0
0.21003 	1484 	1.84979e-13 	0
0.21168 	1484 	2.68264e-13 	0
0.213242 	1484 	2.36532e-13 	0
0.214721 	1484 	2.71302e-13 	0
0.216122 	1484 	3.41715e-13 	0
0.217447 	1484 	3.27375e-13 	0
0.218702 	1484 	2.63943e-13 	0
0.219889 	1484 	1.96593e-13 	0
0.221014 	1484 	5.14078e-14 	0
0.222078 	1484 	7.46495e-14 	0
0.223085 	1484 	8.34523e-14 	0
0.224038 	1484 	-2.23105e-13 	0
0.22494 	1484 	-1.01156e-13 	0
0.225793 	1484 	-1.60523e-13 	0
0.2266 	1484 	-2.4485e-13 	0
0.227363 	1484 	-2.54096e-13 	0
0.228086 	1484 	-2.46413e-13 	0
0.228681 	1484 	-2.58412e-13 	0
0.229013 	1484 	-2.64804e-13 	0
0.229416 	1484 	-2.69462e-13 	0
0.230028 	1484 	-2.67984e-13 	0
0.230607 	1484 	-2.69171e-13 	0
0.231154 	1484 	-2.50435e-13 	0
0.231672 	1484 	-2.24889e-13 	0
0.232161 	1484 	-2.1997e-13 	0
0.232625 	1484 	-1.52067e-13 	0
0.233063 	1484 	-1.68998e-13 	0
0.233478 	1484 	-1.36619e-13 	0
0.23387 	1484 	-9.51958e-14 	0
0.234241 	1484 	-3.23837e-14 	0
0.234591 	1484 	-7.81133e-15 	0
0.234924 	1484 	-6.12593e-15 	0
0.235237 	1484 	-3.85261e-14 	0
0.235535 	1484 	3.29386e-14 	0
0.235816 	1484 	3.41871e-14 	0
0.236082 	1484 	-6.0814e-14 	0
0.236335 	1484 	-5.20557e-14 	0
0.236575 	1484 	-9.1025e-14 	0
0.236811 	1484 	-1.37379e-13 	0
0.237052 	1484 	-2.28191e-13 	0
0.237298 	1484 	-2.13433e-13 	0
0.237548 	1484 	-1.90088e-13 	0
0.237805 	1484 	-2.93763e-13 	0
0.238067 	1484 	-2.98105e-13 	0
0.238335 	1484 	-2.88425e-13 	0
0.23861 	1484 	-3.69726e-13 	0
0.238891 	1484 	-4.65926e-13 	0
0.239179 	1484 	-3.60056e-13 	0
0.239474 	1484 	-4.0924e-13 	0
0.239775 	1484 	-5.28152e-13 	0
0.240085 	1484 	-5.85751e-13 	0
0.240402 	1484 	-6.27854e-13 	0
0.240727 	1484 	-8.01465e-13 	0
0.241058 	1484 	-9.93611e-13 	0
0.241398 	1484 	-1.59304e-12 	0
0.241747 	1484 	-1.32388e-12 	0
0.242104 	1484 	-1.73842e-12 	0
0.242469 	1484 	-7.68641e-13 	0
0.242844 	1484 	-1.50277e-12 	0
0.243227 	1484 	-4.53926e-12 	0
0.24362 	1484 	-8.30857e-12 	0
0.244022 	1484 	-1.21494e-11 	0
0.244434 	1484 	-1.57326e-11 	0
0.244855 	1484 	-1.81413e-11 	0
0.245287 	1484 	-1.91811e-11 	0
0.245728 	1484 	-1.31447e-11 	0
0.246182 	1484 	2.20096e-11 	0
0.246646 	1484 	1.11006e-10 	0
0.24712 	1484 	2.96971e-10 	0
0.247605 	1484 	6.53535e-10 	0
0.248102 	1484 	1.28043e-09 	0
0.248612 	1484 	2.32633e-09 	0
0.249133 	1484 	3.99012e-09 	0
0.249667 	1484 	6.54441e-09 	0
0.250213 	1484 	1.0344e-08 	0
0.250772 	1484 	1.58343e-08 	0
0.251345 	1484 	2.35614e-08 	0
0.251931 	1484 	3.41882e-08 	0
0.252531 	1484 	4.84703e-08 	0
0.253145 	1484 	6.72789e-08 	0
0.253587 	1484 	8.35778e-08 	0
0.253906 	1484 	9.71826e-08 	0
0.254418 	1484 	1.22196e-07 	0
0.255076 	1484 	1.6035e-07 	0
0.25575 	1484 	2.07103e-07 	0
0.25644 	1484 	2.63469e-07 	0
0.257146 	1484 	3.30428e-07 	0
0.257868 	1484 	4.08815e-07 	0
0.258608 	1484 	4.99112e-07 	0
0.259364 	1484 	6.01673e-07 	0
0.260139 	1484 	7.16476e-07 	0
0.260931 	1484 	8.43074e-07 	0
0.261741 	1484 	9.80592e-07 	0
0.262571 	1484 	1.1274e-06 	0
0.263419 	1484 	1.28153e-06 	0
0.264287 	1484 	1.44051e-06 	0
0.265176 	1484 	1.60091e-06 	0
0.266085 	1484 	1.75872e-06 	0
0.267014 	1484 	1.90884e-06 	0
0.267965 	1484 	2.05177e-06 	0
0.268938 	1484 	2.18766e-06 	0
0.269932 	1484 	2.30054e-06 	0
0.27095 	1484 	2.38325e-06 	0
0.271991 	1484 	2.42737e-06 	0
0.273056 	1484 	2.43133e-06 	0
0.274145 	1484 	2.39561e-06 	0
0.275258 	1484 	2.32281e-06 	0
0.276397 	1484 	2.18392e-06 	0
0.277562 	1484 	1.97246e-06 	0
0.278752 	1484 	1.68621e-06 	0
0.279969 	1484 	1.32068e-06 	0
0.281073 	1484 	9.25566e-07 	0
0.281704 	1484 	6.80313e-07 	0
0.282492 	1484 	3.35564e-07 	0
0.283802 	1484 	-2.91027e-07 	0
0.285142 	1484 	-1.01317e-06 	0
0.286512 	1484 	-1.83153e-06 	0
0.287913 	1484 	-2.74243e-06 	0
0.289346 	1484 	-3.73926e-06 	0
0.290812 	1484 	-4.81343e-06 	0
0.29231 	1484 	-5.95524e-06 	0
0.293842 	1484 	-7.15208e-06 	0
0.295409 	1484 	-8.3918e-06 	0
0.29701 	1484 	-9.61018e-06 	0
0.298648 	1484 	-1.06914e-05 	0
0.300322 	1484 	-1.17398e-05 	0
0.302032 	1484 	-1.2736e-05 	0
0.303782 	1484 	-1.36587e-05 	0
0.305569 	1484 	-1.44882e-05 	0
0.307397 	1484 	-1.52039e-05 	0
0.309265 	1484 	-1.57853e-05 	0
0.310844 	1484 	-1.61588e-05 	0
0.311808 	1484 	-1.63285e-05 	0
0.313121 	1484 	-1.64856e-05 	0
0.315112 	1484 	-1.65715e-05 	0
0.317146 	1484 	-1.64579e-05 	0
0.319224 	1484 	-1.61314e-05 	0
0.321348 	1484 	-1.55869e-05 	0
0.323518 	1484 	-1.48135e-05 	0
0.325733 	1484 	-1.38058e-05 	0
0.327996 	1484 	-1.27743e-05 	0
0.330308 	1484 	-1.25945e-05 	0
0.332669 	1484 	-1.23026e-05 	0
0.33508 	1484 	-1.18969e-05 	0
0.337542 	1484 	-1.13829e-05 	0
0.340057 	1484 	-1.07587e-05 	0
0.342457 	1484 	-1.00804e-05 	0
0.343757 	1484 	-9.68395e-06 	0
0.345282 	1484 	-9.1908e-06 	0
0.348019 	1484 	-8.24649e-06 	0
0.350819 	1484 	-7.20241e-06 	0
0.35368 	1484 	-6.06381e-06 	0
0.356603 	1484 	-4.8314e-06 	0
0.359592 	1484 	-3.50922e-06 	0
0.362645 	1484 	-2.6561e-06 	0
0.365765 	1484 	-2.13555e-06 	0
0.368952 	1484 	-1.58947e-06 	0
0.372208 	1484 	-1.01803e-06 	0
0.375533 	1484 	-4.22509e-07 	0
0.377533 	1484 	-5.88999e-08 	0
