4.96314e-06 	28.3979 	0.0167225 	0
1.48429e-05 	83.4202 	0.0449796 	0
2.46948e-05 	136.707 	0.0694626 	0
3.46404e-05 	189.065 	0.0943944 	0
4.47862e-05 	240.903 	0.120013 	0
5.52311e-05 	292.079 	0.146537 	0
6.60699e-05 	341.961 	0.17407 	0
7.73965e-05 	389.713 	0.202587 	0
8.93058e-05 	434.672 	0.232223 	0
0.000101896 	476.555 	0.26276 	0
0.000115268 	515.461 	0.293784 	0
0.00012953 	551.765 	0.325177 	0
0.000144795 	585.803 	0.356409 	0
0.000161185 	617.769 	0.387026 	0
0.000178829 	647.836 	0.416594 	0
0.000197868 	676.184 	0.444709 	0
0.00021845 	702.984 	0.470962 	0
0.000240738 	728.394 	0.494962 	0
0.000264909 	752.558 	0.516303 	0
0.000291153 	775.607 	0.534784 	0
0.000319676 	797.673 	0.550134 	0
0.000350703 	818.901 	0.562144 	0
0.000384479 	839.427 	0.570883 	0
0.000421271 	859.349 	0.576036 	0
0.000461366 	878.731 	0.57773 	0
0.000505082 	897.63 	0.576776 	0
0.000552762 	916.095 	0.573463 	0
0.000604783 	934.172 	0.568091 	0
0.000661554 	951.898 	0.561203 	0
0.000723523 	969.312 	0.553445 	0
0.000791177 	986.444 	0.545488 	0
0.00086505 	1003.32 	0.538099 	0
0.000945722 	1019.99 	0.532002 	0
0.00103383 	1036.46 	0.527464 	0
0.00113007 	1052.75 	0.526191 	0
0.0012352 	1068.91 	0.528718 	0
0.00135004 	1084.95 	0.535093 	0
0.0014755 	1100.89 	0.546544 	0
0.00161258 	1116.78 	0.563879 	0
0.00176234 	1132.62 	0.588113 	0
0.00192597 	1148.46 	0.619967 	0
0.00210476 	1164.33 	0.660868 	0
0.00230012 	1180.26 	0.712354 	0
0.00251358 	1196.3 	0.775119 	0
0.00274683 	1212.47 	0.851477 	0
0.00300171 	1228.85 	0.944345 	0
0.00328023 	1245.52 	1.05659 	0
0.00358457 	1262.65 	1.19314 	0
0.00391714 	1280.39 	1.36033 	0
0.00428056 	1298.89 	1.5673 	0
0.00467769 	1318.27 	1.8242 	0
0.00511167 	1338.65 	2.14845 	0
0.00558591 	1359.92 	2.5549 	0
0.00610416 	1381.6 	3.0706 	0
0.0066705 	1402.98 	3.69335 	0
0.0072894 	1423.73 	4.46572 	0
0.00796574 	1443.97 	5.49542 	0
0.00855799 	1459.15 	6.64985 	0
0.00894392 	1467.5 	7.51413 	0
0.00951253 	1475.51 	8.86464 	0
0.0103952 	1481.25 	10.8022 	0
0.0113598 	1482.33 	12.1119 	0
0.0124139 	1482.4 	12.464 	0
0.013566 	1482.41 	12.4972 	0
0.0148251 	1482.43 	12.5671 	0
0.0162011 	1482.48 	12.6745 	0
0.017705 	1482.53 	12.8297 	0
0.0193486 	1482.57 	12.9662 	0
0.0202967 	1482.58 	13.1099 	0
0.0212348 	1482.59 	13.2574 	0
0.0231084 	1482.57 	13.4362 	0
0.0252543 	1482.56 	13.5171 	0
0.0276001 	1482.52 	13.4001 	0
0.0301448 	1482.46 	12.9452 	0
0.031484 	1482.43 	12.7893 	0
0.0329673 	1482.42 	12.7409 	0
0.0360314 	1482.41 	12.7596 	0
0.0393815 	1482.42 	13.1331 	0
0.041589 	1482.44 	13.48 	0
0.0435022 	1482.46 	13.7573 	0
0.0470499 	1482.48 	14.1629 	0
0.0506434 	1482.47 	14.4811 	0
0.0529317 	1482.46 	14.5956 	0
0.0562215 	1482.43 	14.6525 	0
0.0602482 	1482.34 	14.597 	0
0.0629866 	1482.27 	14.5968 	0
0.0671978 	1482.18 	14.6746 	0
0.07057 	1482.23 	14.4047 	0
0.0738498 	1482.32 	14.066 	0
0.078218 	1482.55 	13.1081 	0
0.0818093 	1482.8 	11.0759 	0
0.0859665 	1483.19 	6.73975 	0
0.0899001 	1483.5 	3.75718 	0
0.0938543 	1483.76 	1.85222 	0
0.098165 	1483.92 	0.598233 	0
0.101925 	1483.96 	0.295812 	0
0.106651 	1484 	0.0211726 	0
0.110224 	1484 	0.012755 	0
0.113967 	1484 	0.00319286 	0
0.118805 	1484 	0.000143593 	0
0.122029 	1484 	8.42251e-05 	0
0.126872 	1484 	5.77636e-07 	0
0.130784 	1484 	3.16399e-07 	0
0.133691 	1484 	1.69189e-07 	0
0.138506 	1484 	2.20427e-08 	0
0.142708 	1484 	8.19219e-09 	0
0.145325 	1484 	2.62341e-09 	0
0.148982 	1484 	-7.97965e-10 	0
0.15382 	1484 	-9.58421e-10 	0
0.15705 	1484 	-1.05621e-09 	0
0.159283 	1484 	-9.79066e-10 	0
0.16276 	1484 	-5.69673e-10 	0
0.166887 	1484 	-2.44699e-11 	0
0.1708 	1484 	-3.82973e-11 	0
0.172904 	1484 	-4.03023e-11 	0
0.174709 	1484 	-3.85866e-11 	0
0.178025 	1484 	-2.66418e-11 	0
0.181359 	1484 	-4.05642e-12 	0
0.184518 	1484 	-3.17172e-12 	0
0.187512 	1484 	-3.19337e-12 	0
0.189414 	1484 	-2.90585e-12 	0
0.190794 	1484 	-2.6974e-12 	0
0.193039 	1484 	-2.21149e-12 	0
0.195586 	1484 	-1.42136e-12 	0
0.197999 	1484 	-7.09943e-13 	0
0.200286 	1484 	-3.92251e-13 	0
0.202452 	1484 	-4.28734e-13 	0
0.204504 	1484 	-2.75042e-13 	0
0.206447 	1484 	-5.52563e-13 	0
0.207887 	1484 	-5.5967e-13 	0
0.208782 	1484 	-5.17306e-13 	0
0.21003 	1484 	-4.67585e-13 	0
0.21168 	1484 	-4.48773e-13 	0
0.213242 	1484 	-4.62125e-13 	0
0.214721 	1484 	-4.30819e-13 	0
0.216122 	1484 	-2.82581e-13 	0
0.217447 	1484 	-6.01119e-13 	0
0.218702 	1484 	-6.52239e-13 	0
0.219889 	1484 	-6.70835e-13 	0
0.221014 	1484 	-7.32038e-13 	0
0.222078 	1484 	-7.27553e-13 	0
0.223085 	1484 	-7.03285e-13 	0
0.224038 	1484 	-8.11728e-13 	0
0.22494 	1484 	-8.67644e-13 	0
0.225793 	1484 	-8.22191e-13 	0
0.2266 	1484 	-7.60514e-13 	0
0.227363 	1484 	-8.05514e-13 	0
0.228086 	1484 	-7.95944e-13 	0
0.228681 	1484 	-7.29423e-13 	0
0.229013 	1484 	-6.97124e-13 	0
0.229416 	1484 	-6.48859e-13 	0
0.230028 	1484 	-5.81361e-13 	0
0.230607 	1484 	-5.16313e-13 	0
0.231154 	1484 	-4.31631e-13 	0
0.231672 	1484 	-3.9819e-13 	0
0.232161 	1484 	-4.07498e-13 	0
0.232625 	1484 	-3.39993e-13 	0
0.233063 	1484 	-2.31017e-13 	0
0.233478 	1484 	-2.33722e-13 	0
0.23387 	1484 	-2.06496e-13 	0
0.234241 	1484 	-1.0502e-13 	0
0.234591 	1484 	-1.05159e-14 	0
0.234924 	1484 	9.16948e-14 	0
0.235237 	1484 	-6.11243e-14 	0
0.235535 	1484 	2.25495e-14 	0
0.235816 	1484 	7.24389e-14 	0
0.236082 	1484 	9.91383e-14 	0
0.236335 	1484 	1.09516e-13 	0
0.236575 	1484 	1.31936e-13 	0
0.236811 	1484 	8.60373e-14 	0
0.237052 	1484 	1.25905e-14 	0
0.237298 	1484 	-6.95366e-14 	0
0.237548 	1484 	-1.82034e-13 	0
0.237805 	1484 	-1.7162e-13 	0
0.238067 	1484 	-2.17352e-13 	0
0.238335 	1484 	-2.78018e-13 	0
0.23861 	1484 	-2.86429e-13 	0
0.238891 	1484 	-3.78197e-13 	0
0.239179 	1484 	-3.11484e-13 	0
0.239474 	1484 	-4.97162e-13 	0
0.239775 	1484 	-5.22627e-13 	0
0.240085 	1484 	-5.11414e-13 	0
0.240402 	1484 	-5.61709e-13 	0
0.240727 	1484 	-7.10197e-13 	0
0.241058 	1484 	-6.60534e-13 	0
0.241398 	1484 	-8.53797e-13 	0
0.241747 	1484 	-4.72067e-13 	0
0.242104 	1484 	-5.6817e-13 	0
0.242469 	1484 	-1.00284e-12 	0
0.242844 	1484 	-1.89683e-12 	0
0.243227 	1484 	-5.45257e-12 	0
0.24362 	1484 	-1.08441e-11 	0
0.244022 	1484 	-1.38942e-11 	0
0.244434 	1484 	-1.75087e-11 	0
0.244855 	1484 	-2.08443e-11 	0
0.245287 	1484 	-2.34607e-11 	0
0.245728 	1484 	-1.65416e-11 	0
0.246182 	1484 	2.29479e-11 	0
0.246646 	1484 	1.12207e-10 	0
0.24712 	1484 	2.9811e-10 	0
0.247605 	1484 	6.551e-10 	0
0.248102 	1484 	1.28435e-09 	0
0.248612 	1484 	2.33054e-09 	0
0.249133 	1484 	3.99732e-09 	0
0.249667 	1484 	6.55867e-09 	0
0.250213 	1484 	1.03691e-08 	0
0.250772 	1484 	1.58763e-08 	0
0.251345 	1484 	2.36266e-08 	0
0.251931 	1484 	3.4283e-08 	0
0.252531 	1484 	4.86015e-08 	0
0.253145 	1484 	6.74559e-08 	0
0.253587 	1484 	8.3795e-08 	0
0.253906 	1484 	9.74335e-08 	0
0.254418 	1484 	1.22508e-07 	0
0.255076 	1484 	1.60752e-07 	0
0.25575 	1484 	2.07611e-07 	0
0.25644 	1484 	2.64101e-07 	0
0.257146 	1484 	3.31204e-07 	0
0.257868 	1484 	4.09755e-07 	0
0.258608 	1484 	5.00235e-07 	0
0.259364 	1484 	6.02996e-07 	0
0.260139 	1484 	7.18017e-07 	0
0.260931 	1484 	8.4485e-07 	0
0.261741 	1484 	9.82621e-07 	0
0.262571 	1484 	1.12969e-06 	0
0.263419 	1484 	1.28409e-06 	0
0.264287 	1484 	1.44335e-06 	0
0.265176 	1484 	1.60402e-06 	0
0.266085 	1484 	1.76211e-06 	0
0.267014 	1484 	1.9125e-06 	0
0.267965 	1484 	2.0557e-06 	0
0.268938 	1484 	2.19186e-06 	0
0.269932 	1484 	2.30497e-06 	0
0.27095 	1484 	2.38794e-06 	0
0.271991 	1484 	2.43227e-06 	0
0.273056 	1484 	2.43638e-06 	0
0.274145 	1484 	2.4008e-06 	0
0.275258 	1484 	2.32812e-06 	0
0.276397 	1484 	2.1894e-06 	0
0.277562 	1484 	1.97808e-06 	0
0.278752 	1484 	1.69193e-06 	0
0.279969 	1484 	1.3265e-06 	0
0.281073 	1484 	9.31469e-07 	0
0.281704 	1484 	6.86266e-07 	0
0.282492 	1484 	3.41579e-07 	0
0.283802 	1484 	-2.84897e-07 	0
0.285142 	1484 	-1.0069e-06 	0
0.286512 	1484 	-1.82511e-06 	0
0.287913 	1484 	-2.73589e-06 	0
0.289346 	1484 	-3.73258e-06 	0
0.290812 	1484 	-4.8066e-06 	0
0.29231 	1484 	-5.94824e-06 	0
0.293842 	1484 	-7.1449e-06 	0
0.295409 	1484 	-8.3844e-06 	0
0.29701 	1484 	-9.60264e-06 	0
0.298648 	1484 	-1.06839e-05 	0
0.300322 	1484 	-1.17324e-05 	0
0.302032 	1484 	-1.27288e-05 	0
0.303782 	1484 	-1.36515e-05 	0
0.305569 	1484 	-1.44812e-05 	0
0.307397 	1484 	-1.51969e-05 	0
0.309265 	1484 	-1.57785e-05 	0
0.310844 	1484 	-1.6152e-05 	0
0.311808 	1484 	-1.63218e-05 	0
0.313121 	1484 	-1.6479e-05 	0
0.315112 	1484 	-1.6565e-05 	0
0.317146 	1484 	-1.64515e-05 	0
0.319224 	1484 	-1.61251e-05 	0
0.321348 	1484 	-1.55808e-05 	0
0.323518 	1484 	-1.48077e-05 	0
0.325733 	1484 	-1.38001e-05 	0
0.327996 	1484 	-1.27688e-05 	0
0.330308 	1484 	-1.25891e-05 	0
0.332669 	1484 	-1.22975e-05 	0
0.33508 	1484 	-1.18919e-05 	0
0.337542 	1484 	-1.13782e-05 	0
0.340057 	1484 	-1.07543e-05 	0
0.342457 	1484 	-1.00762e-05 	0
0.343757 	1484 	-9.67997e-06 	0
0.345282 	1484 	-9.18704e-06 	0
0.348019 	1484 	-8.24315e-06 	0
0.350819 	1484 	-7.19945e-06 	0
0.35368 	1484 	-6.06203e-06 	0
0.356603 	1484 	-4.82968e-06 	0
0.359592 	1484 	-3.50732e-06 	0
0.362645 	1484 	-2.656e-06 	0
0.365765 	1484 	-2.13533e-06 	0
0.368952 	1484 	-1.58913e-06 	0
0.372208 	1484 	-1.01769e-06 	0
0.375533 	1484 	-4.22358e-07 	0
0.377533 	1484 	-5.88798e-08 	0
