4.96314e-06 	23.6817 	-0.010526 	0
1.48429e-05 	69.641 	-0.0300115 	0
2.46948e-05 	114.166 	-0.0486053 	0
3.46404e-05 	157.929 	-0.0690262 	0
4.47862e-05 	201.466 	-0.0903637 	0
5.52311e-05 	245.133 	-0.112252 	0
6.60699e-05 	289.09 	-0.134016 	0
7.73965e-05 	333.296 	-0.154924 	0
8.93058e-05 	377.519 	-0.174177 	0
0.000101896 	421.393 	-0.190813 	0
0.000115268 	464.493 	-0.204362 	0
0.00012953 	506.417 	-0.214534 	0
0.000144795 	546.828 	-0.220833 	0
0.000161185 	585.481 	-0.223284 	0
0.000178829 	622.218 	-0.222168 	0
0.000197868 	656.957 	-0.21667 	0
0.00021845 	689.678 	-0.206908 	0
0.000240738 	720.408 	-0.193751 	0
0.000264909 	749.218 	-0.1767 	0
0.000291153 	776.219 	-0.155826 	0
0.000319676 	801.583 	-0.130992 	0
0.000350703 	825.546 	-0.102155 	0
0.000384479 	848.341 	-0.0695235 	0
0.000421271 	870.125 	-0.0335387 	0
0.000461366 	890.994 	0.00517124 	0
0.000505082 	911.032 	0.0458483 	0
0.000552762 	930.322 	0.0876824 	0
0.000604783 	948.947 	0.129883 	0
0.000661554 	966.988 	0.171041 	0
0.000723523 	984.522 	0.211481 	0
0.000791177 	1001.62 	0.247079 	0
0.00086505 	1018.36 	0.278875 	0
0.000945722 	1034.79 	0.305327 	0
0.00103383 	1050.97 	0.325787 	0
0.00113007 	1066.96 	0.339761 	0
0.0012352 	1082.8 	0.347355 	0
0.00135004 	1098.54 	0.349484 	0
0.0014755 	1114.2 	0.346351 	0
0.00161258 	1129.86 	0.338305 	0
0.00176234 	1145.54 	0.329532 	0
0.00192597 	1161.29 	0.323426 	0
0.00210476 	1177.13 	0.322515 	0
0.00230012 	1193.12 	0.329117 	0
0.00251358 	1209.31 	0.350971 	0
0.00274683 	1225.72 	0.394824 	0
0.00300171 	1242.42 	0.465177 	0
0.00328023 	1259.47 	0.562846 	0
0.00358457 	1276.88 	0.697711 	0
0.00391714 	1294.74 	0.878073 	0
0.00428056 	1313.1 	1.1042 	0
0.00467769 	1332.02 	1.38575 	0
0.00511167 	1351.54 	1.72568 	0
0.00558591 	1371.69 	2.13771 	0
0.00610416 	1392.44 	2.63141 	0
0.0066705 	1413.66 	3.23311 	0
0.0072894 	1435.02 	3.99541 	0
0.00796574 	1455.35 	5.05152 	0
0.00855799 	1468.81 	6.19789 	0
0.00894392 	1475.05 	7.03696 	0
0.00951253 	1479.79 	8.15996 	0
0.0103952 	1482.2 	9.37059 	0
0.0113598 	1482.44 	9.82298 	0
0.0124139 	1482.46 	9.92959 	0
0.013566 	1482.51 	10.0648 	0
0.0148251 	1482.54 	10.2492 	0
0.0162011 	1482.58 	10.4402 	0
0.017705 	1482.61 	10.56 	0
0.0193486 	1482.62 	10.5096 	0
0.0202967 	1482.63 	10.4515 	0
0.0212348 	1482.64 	10.4059 	0
0.0231084 	1482.66 	10.3863 	0
0.0252543 	1482.67 	10.5243 	0
0.0276001 	1482.69 	10.9552 	0
0.0301448 	1482.73 	11.2957 	0
0.031484 	1482.74 	11.4695 	0
0.0329673 	1482.74 	11.6133 	0
0.0360314 	1482.72 	11.772 	0
0.0393815 	1482.71 	11.6531 	0
0.041589 	1482.66 	11.5489 	0
0.0435022 	1482.63 	11.4554 	0
0.0470499 	1482.62 	11.2932 	0
0.0506434 	1482.57 	11.5122 	0
0.0529317 	1482.56 	11.7285 	0
0.0562215 	1482.57 	12.1103 	0
0.0602482 	1482.56 	12.7643 	0
0.0629866 	1482.56 	13.162 	0
0.0671978 	1482.56 	13.6638 	0
0.07057 	1482.51 	13.6158 	0
0.0738498 	1482.5 	13.1702 	0
0.078218 	1482.65 	10.8799 	0
0.0818093 	1482.88 	8.74013 	0
0.0859665 	1483.28 	5.99877 	0
0.0899001 	1483.57 	3.78003 	0
0.0938543 	1483.79 	1.80623 	0
0.098165 	1483.93 	0.529994 	0
0.101925 	1483.97 	0.26347 	0
0.106651 	1484 	0.0215462 	0
0.110224 	1484 	0.0129629 	0
0.113967 	1484 	0.00323034 	0
0.118805 	1484 	0.000136032 	0
0.122029 	1484 	7.99481e-05 	0
0.126872 	1484 	-2.24681e-07 	0
0.130784 	1484 	-1.148e-07 	0
0.133691 	1484 	-6.22896e-08 	0
0.138506 	1484 	-3.33805e-08 	0
0.142708 	1484 	-2.08482e-08 	0
0.145325 	1484 	-1.45827e-08 	0
0.148982 	1484 	-7.41158e-09 	0
0.15382 	1484 	-3.25568e-09 	0
0.15705 	1484 	-2.36865e-09 	0
0.159283 	1484 	-1.75392e-09 	0
0.16276 	1484 	-8.16384e-10 	0
0.166887 	1484 	-9.95825e-11 	0
0.1708 	1484 	-6.89928e-11 	0
0.172904 	1484 	-5.27887e-11 	0
0.174709 	1484 	-3.88438e-11 	0
0.178025 	1484 	-1.67907e-11 	0
0.181359 	1484 	-2.17137e-12 	0
0.184518 	1484 	1.02544e-12 	0
0.187512 	1484 	2.93562e-12 	0
0.189414 	1484 	3.73804e-12 	0
0.190794 	1484 	4.05807e-12 	0
0.193039 	1484 	3.9436e-12 	0
0.195586 	1484 	2.67491e-12 	0
0.197999 	1484 	7.49581e-13 	0
0.200286 	1484 	-3.95839e-13 	0
0.202452 	1484 	-9.15738e-14 	0
0.204504 	1484 	1.50788e-13 	0
0.206447 	1484 	4.58995e-13 	0
0.207887 	1484 	6.52454e-13 	0
0.208782 	1484 	7.53442e-13 	0
0.21003 	1484 	8.294e-13 	0
0.21168 	1484 	8.51359e-13 	0
0.213242 	1484 	1.02333e-12 	0
0.214721 	1484 	9.14854e-13 	0
0.216122 	1484 	6.8452e-13 	0
0.217447 	1484 	3.11546e-13 	0
0.218702 	1484 	-9.33672e-15 	0
0.219889 	1484 	-1.64471e-13 	0
0.221014 	1484 	-9.61124e-14 	0
0.222078 	1484 	-1.39635e-13 	0
0.223085 	1484 	-1.47405e-13 	0
0.224038 	1484 	-2.68814e-13 	0
0.22494 	1484 	-1.86039e-13 	0
0.225793 	1484 	-2.43681e-13 	0
0.2266 	1484 	-2.5997e-13 	0
0.227363 	1484 	-2.43897e-13 	0
0.228086 	1484 	-2.31128e-13 	0
0.228681 	1484 	-2.58016e-13 	0
0.229013 	1484 	-2.9458e-13 	0
0.229416 	1484 	-2.9232e-13 	0
0.230028 	1484 	-2.50009e-13 	0
0.230607 	1484 	-2.51624e-13 	0
0.231154 	1484 	-2.25879e-13 	0
0.231672 	1484 	-2.24602e-13 	0
0.232161 	1484 	-2.40249e-13 	0
0.232625 	1484 	-2.54872e-13 	0
0.233063 	1484 	-3.2067e-13 	0
0.233478 	1484 	-2.37925e-13 	0
0.23387 	1484 	-3.15059e-13 	0
0.234241 	1484 	-4.02088e-13 	0
0.234591 	1484 	-1.99788e-13 	0
0.234924 	1484 	-3.73929e-13 	0
0.235237 	1484 	-4.847e-13 	0
0.235535 	1484 	-5.33978e-13 	0
0.235816 	1484 	-5.81109e-13 	0
0.236082 	1484 	-6.82579e-13 	0
0.236335 	1484 	-6.623e-13 	0
0.236575 	1484 	-6.44082e-13 	0
0.236811 	1484 	-6.4321e-13 	0
0.237052 	1484 	-5.70517e-13 	0
0.237298 	1484 	-6.25677e-13 	0
0.237548 	1484 	-6.68412e-13 	0
0.237805 	1484 	-6.19784e-13 	0
0.238067 	1484 	-5.83987e-13 	0
0.238335 	1484 	-7.07589e-13 	0
0.23861 	1484 	-6.96462e-13 	0
0.238891 	1484 	-5.35601e-13 	0
0.239179 	1484 	-6.33346e-13 	0
0.239474 	1484 	-7.89914e-13 	0
0.239775 	1484 	-5.83038e-13 	0
0.240085 	1484 	-6.69768e-13 	0
0.240402 	1484 	-7.58045e-13 	0
0.240727 	1484 	-8.12763e-13 	0
0.241058 	1484 	-1.22102e-12 	0
0.241398 	1484 	-1.60685e-12 	0
0.241747 	1484 	-1.77104e-12 	0
0.242104 	1484 	-2.08859e-12 	0
0.242469 	1484 	-1.83106e-12 	0
0.242844 	1484 	-2.31521e-12 	0
0.243227 	1484 	-4.60048e-12 	0
0.24362 	1484 	-7.92615e-12 	0
0.244022 	1484 	-1.21521e-11 	0
0.244434 	1484 	-1.73302e-11 	0
0.244855 	1484 	-2.14166e-11 	0
0.245287 	1484 	-2.33564e-11 	0
0.245728 	1484 	-1.63165e-11 	0
0.246182 	1484 	2.12153e-11 	0
0.246646 	1484 	1.11221e-10 	0
0.24712 	1484 	3.00432e-10 	0
0.247605 	1484 	6.58265e-10 	0
0.248102 	1484 	1.28643e-09 	0
0.248612 	1484 	2.33288e-09 	0
0.249133 	1484 	3.99932e-09 	0
0.249667 	1484 	6.55886e-09 	0
0.250213 	1484 	1.03653e-08 	0
0.250772 	1484 	1.58649e-08 	0
0.251345 	1484 	2.36024e-08 	0
0.251931 	1484 	3.42421e-08 	0
0.252531 	1484 	4.85392e-08 	0
0.253145 	1484 	6.73653e-08 	0
0.253587 	1484 	8.3679e-08 	0
0.253906 	1484 	9.72957e-08 	0
0.254418 	1484 	1.22328e-07 	0
0.255076 	1484 	1.60508e-07 	0
0.25575 	1484 	2.07287e-07 	0
0.25644 	1484 	2.63679e-07 	0
0.257146 	1484 	3.30663e-07 	0
0.257868 	1484 	4.09073e-07 	0
0.258608 	1484 	4.99388e-07 	0
0.259364 	1484 	6.01961e-07 	0
0.260139 	1484 	7.16766e-07 	0
0.260931 	1484 	8.43358e-07 	0
0.261741 	1484 	9.80858e-07 	0
0.262571 	1484 	1.12763e-06 	0
0.263419 	1484 	1.2817e-06 	0
0.264287 	1484 	1.44061e-06 	0
0.265176 	1484 	1.60092e-06 	0
0.266085 	1484 	1.75859e-06 	0
0.267014 	1484 	1.90853e-06 	0
0.267965 	1484 	2.05126e-06 	0
0.268938 	1484 	2.18685e-06 	0
0.269932 	1484 	2.29945e-06 	0
0.27095 	1484 	2.38172e-06 	0
0.271991 	1484 	2.42539e-06 	0
0.273056 	1484 	2.42898e-06 	0
0.274145 	1484 	2.39281e-06 	0
0.275258 	1484 	2.31957e-06 	0
0.276397 	1484 	2.17992e-06 	0
0.277562 	1484 	1.96771e-06 	0
0.278752 	1484 	1.68066e-06 	0
0.279969 	1484 	1.31428e-06 	0
0.281073 	1484 	9.18344e-07 	0
0.281704 	1484 	6.72612e-07 	0
0.282492 	1484 	3.27239e-07 	0
0.283802 	1484 	-3.00423e-07 	0
0.285142 	1484 	-1.02369e-06 	0
0.286512 	1484 	-1.84323e-06 	0
0.287913 	1484 	-2.75531e-06 	0
0.289346 	1484 	-3.7533e-06 	0
0.290812 	1484 	-4.82865e-06 	0
0.29231 	1484 	-5.9716e-06 	0
0.293842 	1484 	-7.16958e-06 	0
0.295409 	1484 	-8.41037e-06 	0
0.29701 	1484 	-9.62968e-06 	0
0.298648 	1484 	-1.07115e-05 	0
0.300322 	1484 	-1.17603e-05 	0
0.302032 	1484 	-1.27568e-05 	0
0.303782 	1484 	-1.36796e-05 	0
0.305569 	1484 	-1.4509e-05 	0
0.307397 	1484 	-1.52246e-05 	0
0.309265 	1484 	-1.58056e-05 	0
0.310844 	1484 	-1.61787e-05 	0
0.311808 	1484 	-1.63481e-05 	0
0.313121 	1484 	-1.65048e-05 	0
0.315112 	1484 	-1.659e-05 	0
0.317146 	1484 	-1.64756e-05 	0
0.319224 	1484 	-1.61482e-05 	0
0.321348 	1484 	-1.56026e-05 	0
0.323518 	1484 	-1.4828e-05 	0
0.325733 	1484 	-1.3819e-05 	0
0.327996 	1484 	-1.27864e-05 	0
0.330308 	1484 	-1.26059e-05 	0
0.332669 	1484 	-1.23132e-05 	0
0.33508 	1484 	-1.19066e-05 	0
0.337542 	1484 	-1.13918e-05 	0
0.340057 	1484 	-1.0767e-05 	0
0.342457 	1484 	-1.0088e-05 	0
0.343757 	1484 	-9.69126e-06 	0
0.345282 	1484 	-9.19768e-06 	0
0.348019 	1484 	-8.25252e-06 	0
0.350819 	1484 	-7.20752e-06 	0
0.35368 	1484 	-6.06782e-06 	0
0.356603 	1484 	-4.83431e-06 	0
0.359592 	1484 	-3.51112e-06 	0
0.362645 	1484 	-2.65744e-06 	0
0.365765 	1484 	-2.13655e-06 	0
0.368952 	1484 	-1.59019e-06 	0
0.372208 	1484 	-1.01848e-06 	0
0.375533 	1484 	-4.22699e-07 	0
0.377533 	1484 	-5.89273e-08 	0
